,status of checking account,duration in month,credit history,purpose,credit amount,savings account/bonds,present employment since,installment rate in percentage,personal status and sex,other debtors / guarantors,present residence since,property,age,other installment plans,housing,number of existing credits,job,no of people being liable,telephone,foreign worker,class
0,1,6,0,0,1169,0,0,4,0,0,4,2,67,0,1,2,3,1,1,1,1
1,2,48,1,0,5951,1,1,2,1,0,2,2,22,0,1,1,3,1,0,1,2
2,0,12,0,1,2096,1,2,2,0,0,3,2,49,0,1,1,2,2,0,1,1
3,1,42,1,2,7882,1,2,2,0,1,4,3,45,0,0,1,3,2,0,1,1
4,1,24,2,3,4870,1,1,3,0,0,4,0,53,0,0,2,3,2,0,1,2
5,0,36,1,1,9055,0,1,2,0,0,4,0,35,0,0,1,2,2,1,1,1
6,0,24,1,2,2835,2,0,3,0,0,4,3,53,0,1,1,3,1,0,1,1
7,2,36,1,4,6948,1,1,2,0,0,2,1,35,0,2,1,1,1,1,1,1
8,0,12,1,0,3059,3,2,2,2,0,4,2,61,0,1,1,2,1,0,1,1
9,2,30,0,3,5234,1,3,4,3,0,2,1,28,0,1,2,1,1,0,1,2
10,2,12,1,3,1295,1,4,3,1,0,1,1,25,0,2,1,3,1,0,1,2
11,1,48,1,4,4308,1,4,3,1,0,4,3,24,0,2,1,3,1,0,1,2
12,2,12,1,0,1567,1,1,1,1,0,1,1,22,0,1,1,3,1,1,1,1
13,1,24,0,3,1199,1,0,4,0,0,4,1,60,0,1,2,2,1,0,1,2
14,1,15,1,3,1403,1,1,2,1,0,4,1,28,0,2,1,3,1,0,1,1
15,1,24,1,0,1282,4,1,4,1,0,2,1,32,0,1,1,2,1,0,1,2
16,0,24,0,0,2424,0,0,4,0,0,4,3,53,0,1,2,3,1,0,1,1
17,1,30,3,4,8072,0,4,2,0,0,3,1,25,1,1,3,3,1,0,1,1
18,2,24,1,4,12579,1,0,4,1,0,2,0,44,0,0,1,1,1,1,1,2
19,0,24,1,0,3430,2,0,3,0,0,2,1,31,0,1,1,3,2,1,1,1
20,0,9,0,3,2134,1,1,4,0,0,4,1,48,0,1,3,3,1,1,1,1
21,1,6,1,0,2647,2,1,2,0,0,3,2,44,0,2,1,3,2,0,1,1
22,1,10,0,3,2241,1,4,1,0,0,3,2,48,0,2,2,2,2,0,0,1
23,2,12,0,4,1804,4,4,3,0,0,4,3,44,0,1,1,3,1,0,1,1
24,0,10,0,2,2069,0,1,2,3,0,1,1,26,0,1,2,3,1,0,0,1
25,1,6,1,2,1374,1,1,1,0,0,2,2,36,1,1,1,2,1,1,1,1
26,0,6,3,0,426,1,0,4,3,0,4,1,39,0,1,1,2,1,0,1,1
27,3,12,4,0,409,3,1,3,1,0,3,2,42,0,2,2,3,1,0,1,1
28,2,7,1,0,2415,1,1,3,0,1,2,2,34,0,1,1,3,1,0,1,1
29,1,60,2,4,6836,1,0,3,0,0,4,0,63,0,1,2,3,1,1,1,2
30,2,18,1,4,1913,3,4,3,3,0,3,2,36,1,1,1,3,1,1,1,1
31,1,24,1,2,4020,1,1,2,0,0,2,1,27,2,1,1,3,1,0,1,1
32,2,18,1,3,5866,4,1,2,0,0,2,1,30,0,1,2,3,1,1,1,1
33,0,12,0,4,1264,0,0,4,0,0,4,0,57,0,2,1,2,1,0,1,1
34,3,12,1,2,1474,1,4,4,1,0,1,3,33,1,1,1,1,1,1,1,1
35,2,45,0,0,4746,1,4,4,0,0,2,3,25,0,1,2,2,1,0,1,2
36,0,48,0,1,6110,1,1,1,0,0,3,0,31,1,0,1,3,1,1,1,1
37,3,18,1,0,2100,1,1,4,0,2,2,2,37,2,1,1,3,1,0,1,2
38,3,10,1,5,1225,1,1,2,0,0,2,1,37,0,1,1,3,1,1,1,1
39,2,9,1,0,458,1,1,4,0,0,3,2,24,0,1,1,3,1,0,1,1
40,0,30,1,0,2333,2,0,4,0,0,2,1,30,1,1,1,1,1,0,1,1
41,2,12,1,0,1158,2,1,3,2,0,1,1,26,0,1,1,3,1,1,1,1
42,2,18,2,6,6204,1,1,2,0,0,4,2,44,0,1,1,2,2,1,1,1
43,1,30,0,4,6187,4,2,1,3,0,4,1,24,0,2,2,3,1,0,1,1
44,1,48,0,4,6143,1,0,4,1,0,4,0,58,2,0,2,2,1,0,1,2
45,0,11,0,3,1393,1,4,4,1,0,4,1,35,0,1,2,1,1,0,1,1
46,0,36,1,0,2299,2,0,4,0,0,4,1,39,0,1,1,3,1,0,1,1
47,1,6,1,4,1352,2,3,1,1,0,2,3,23,0,2,1,0,1,1,1,1
48,0,11,0,3,7228,1,1,1,0,0,4,3,39,0,1,2,2,1,0,1,1
49,0,12,1,0,2073,4,1,4,1,2,2,2,28,0,1,1,3,1,0,1,1
50,2,24,2,2,2333,0,4,4,0,0,2,3,29,1,1,1,2,1,0,1,1
51,2,27,2,4,5965,1,0,1,0,0,2,1,30,0,1,2,1,1,1,1,1
52,0,12,1,0,1262,1,1,3,0,0,2,1,25,0,1,1,3,1,0,1,1
53,0,18,1,4,3378,0,1,2,0,0,1,3,31,0,1,1,3,1,1,1,1
54,2,36,2,3,2225,1,0,4,0,0,4,0,57,1,0,2,3,1,1,1,2
55,0,6,4,3,783,0,1,1,0,1,2,2,26,2,1,1,2,2,0,1,1
56,2,12,1,0,6468,0,3,2,0,0,1,0,52,0,1,1,1,1,1,1,2
57,0,36,0,0,9566,1,1,2,1,0,2,1,31,2,1,2,3,1,0,1,1
58,3,18,1,3,1961,1,0,3,1,0,2,1,23,0,1,1,1,1,0,1,1
59,1,36,0,2,6229,1,4,4,1,2,4,0,23,0,2,2,2,1,1,1,2
60,2,9,1,4,1391,1,1,2,3,0,1,2,27,1,1,1,3,1,1,1,1
61,2,15,0,0,1537,0,0,4,0,1,4,2,50,0,1,2,3,1,1,1,1
62,2,36,3,4,1953,1,0,4,0,0,4,0,61,0,0,1,1,1,1,1,2
63,2,48,3,4,14421,1,1,2,0,0,2,1,25,0,1,1,3,1,1,1,2
64,0,24,1,0,3181,1,4,4,1,0,4,3,26,0,1,1,3,1,1,1,1
65,0,27,1,6,5190,0,0,4,0,0,4,3,48,0,1,4,3,2,1,1,1
66,0,12,1,0,2171,1,4,2,1,0,2,1,29,1,1,1,3,1,0,1,1
67,2,12,1,3,1007,3,1,4,3,0,1,2,22,0,1,1,3,1,0,1,1
68,0,36,1,1,1819,1,1,4,0,0,4,0,37,2,0,1,3,1,1,1,2
69,0,36,1,0,2394,0,1,4,1,0,4,1,25,0,1,1,3,1,0,1,1
70,0,36,1,4,8133,1,1,1,1,0,2,3,30,1,1,1,3,1,0,1,1
71,0,7,0,0,730,0,0,4,0,0,2,3,46,0,2,2,2,1,1,1,1
72,1,8,0,8,1164,1,0,3,0,0,4,0,51,1,0,2,1,2,1,1,1
73,2,42,0,4,5954,1,2,2,1,0,1,2,41,1,1,2,2,1,0,1,1
74,1,36,1,1,1977,0,0,4,0,0,4,0,40,0,1,1,1,1,1,1,2
75,1,12,0,4,1526,1,0,4,0,0,4,0,66,0,0,2,1,1,0,1,1
76,1,42,1,0,3965,1,4,4,0,0,3,1,34,0,1,1,3,1,0,1,2
77,2,11,2,0,4771,1,2,2,0,0,4,3,51,0,1,1,3,1,0,1,1
78,0,54,3,4,9436,0,1,2,0,0,2,3,39,0,1,1,2,2,0,1,1
79,2,30,1,2,3832,1,4,2,3,0,1,3,22,0,1,1,3,1,0,1,1
80,0,24,1,0,5943,0,4,1,1,0,1,1,44,0,1,2,3,1,1,1,2
81,0,15,1,0,1213,2,0,4,0,0,3,3,47,2,1,1,3,1,1,1,1
82,0,18,1,4,1568,4,1,3,1,0,4,3,24,0,2,1,2,1,0,1,1
83,1,24,1,8,1755,1,0,4,1,1,4,2,58,0,1,1,2,1,1,1,1
84,1,10,1,0,2315,1,0,3,0,0,4,2,52,0,1,1,2,1,0,1,1
85,0,12,0,4,1412,1,1,4,1,1,2,2,29,0,1,2,1,1,1,1,1
86,2,18,0,2,1295,1,4,4,1,0,1,3,27,0,1,2,3,1,0,1,1
87,2,36,1,1,12612,4,1,1,0,0,4,0,47,0,0,1,3,2,1,1,2
88,1,18,1,3,2249,4,2,4,0,0,3,1,30,0,1,1,1,2,1,1,1
89,1,12,3,6,1108,1,2,4,0,0,3,2,28,0,1,2,3,1,0,1,2
90,0,12,0,0,618,1,0,4,0,0,4,2,56,0,1,1,3,1,0,1,1
91,1,12,0,4,1409,1,0,4,0,0,3,2,54,0,1,1,3,1,0,1,1
92,0,12,0,0,797,0,0,4,1,0,3,3,33,1,1,1,2,2,0,1,2
93,3,24,0,2,3617,0,0,4,0,2,4,0,20,0,2,2,3,1,0,1,1
94,2,12,1,3,1318,3,0,4,0,0,4,2,54,0,1,1,3,1,1,1,1
95,2,54,3,4,15945,1,4,3,0,0,4,0,58,0,2,1,3,1,1,1,2
96,0,12,0,1,2012,0,2,4,1,0,2,1,61,0,1,1,3,1,0,1,1
97,2,18,1,4,2622,4,1,4,0,0,4,1,34,0,1,1,3,1,0,1,1
98,2,36,0,0,2337,1,0,4,0,0,4,2,36,0,1,1,3,1,0,1,1
99,2,20,2,4,7057,0,2,3,0,0,4,3,36,1,2,2,1,2,1,1,1
100,0,24,1,3,1469,4,0,4,3,0,4,2,41,0,2,1,2,1,0,1,1
101,2,36,1,0,2323,1,2,4,0,0,4,1,24,0,2,1,3,1,0,1,1
102,0,6,2,0,932,1,1,3,1,0,2,2,24,0,1,1,3,1,0,1,1
103,2,9,0,2,1919,1,2,4,0,0,3,1,35,0,2,1,3,1,1,1,1
104,0,12,1,4,2445,0,4,2,3,0,4,1,26,0,2,1,3,1,1,1,1
105,2,24,0,8,11938,1,1,2,0,2,3,1,39,0,1,2,1,2,1,1,2
106,0,18,4,3,6458,1,0,2,0,0,4,0,39,1,1,2,1,2,1,1,2
107,2,12,1,3,6078,1,2,2,0,0,2,1,32,0,1,1,3,1,0,1,1
108,1,24,1,2,7721,0,4,1,1,0,2,3,30,0,1,1,3,1,1,0,1
109,2,14,1,4,1410,2,0,1,3,0,2,2,35,0,1,1,3,1,1,1,1
110,2,6,2,4,1449,4,0,1,2,0,2,1,31,1,1,2,3,2,0,1,1
111,3,15,1,1,392,1,4,4,1,0,4,3,23,0,2,1,3,1,1,1,1
112,2,18,1,3,6260,1,2,3,0,0,3,2,28,0,2,1,2,1,0,1,1
113,0,36,0,3,7855,1,1,4,1,0,2,2,25,2,1,2,3,1,1,1,2
114,1,12,1,0,1680,2,0,3,3,0,1,2,35,0,1,1,3,1,0,1,1
115,0,48,0,0,3578,0,0,4,0,0,1,2,47,0,1,1,3,1,1,1,1
116,1,42,1,0,7174,0,2,4,1,0,3,1,30,0,1,1,1,1,1,1,2
117,1,10,0,2,2132,0,4,2,1,2,3,2,27,0,2,2,3,1,0,0,1
118,1,33,0,2,4281,2,1,1,1,0,4,1,23,0,1,2,3,1,0,1,2
119,2,12,0,3,2366,2,2,3,2,0,3,1,36,0,1,1,1,1,1,1,1
120,1,21,1,0,1835,1,1,3,1,0,2,2,25,0,1,2,3,1,1,1,2
121,0,24,0,4,3868,1,0,4,1,0,2,1,41,0,2,2,1,1,1,1,1
122,0,12,1,2,1768,1,1,3,0,0,2,2,24,0,2,1,2,1,0,1,1
123,3,10,0,3,781,1,0,4,0,0,4,0,63,0,0,2,3,1,1,1,1
124,2,18,1,2,1924,0,4,4,1,0,3,2,27,0,2,1,3,1,0,1,2
125,1,12,0,3,2121,1,1,4,0,0,2,3,30,0,1,2,3,1,0,1,1
126,1,12,1,0,701,1,1,4,3,0,2,2,40,0,1,1,2,1,0,1,1
127,2,12,1,6,639,1,1,4,0,0,2,1,30,0,1,1,3,1,0,1,2
128,2,12,0,4,1860,1,3,4,0,0,2,1,34,0,1,2,1,1,1,1,1
129,1,12,0,3,3499,1,1,3,1,2,2,2,29,0,1,2,3,1,0,1,2
130,2,48,1,3,8487,0,2,1,1,0,2,1,24,0,1,1,3,1,0,1,1
131,1,36,2,1,6887,1,1,4,0,0,3,3,29,2,1,1,3,1,1,1,2
132,0,15,1,2,2708,1,4,2,0,0,3,3,27,1,1,2,2,1,0,1,1
133,0,18,1,2,1984,1,1,4,0,0,4,0,47,1,0,2,3,1,0,1,1
134,0,60,1,0,10144,4,2,2,1,0,4,2,21,0,1,1,3,1,1,1,1
135,0,12,0,0,1240,0,0,4,1,0,2,2,38,0,1,2,3,1,1,1,1
136,0,27,2,4,8613,3,1,2,0,0,2,1,27,0,1,2,3,1,0,1,1
137,2,12,1,0,766,2,1,4,0,0,3,2,66,0,1,1,2,1,0,1,2
138,2,15,0,0,2728,0,2,4,0,1,2,2,35,1,1,3,3,1,1,1,1
139,3,12,1,0,1881,1,1,2,1,0,2,1,44,0,2,1,2,1,1,1,1
140,3,6,1,3,709,3,4,2,3,0,2,2,27,0,1,1,0,1,0,0,1
141,2,36,1,0,4795,1,4,4,1,0,1,0,30,0,1,1,1,1,1,1,1
142,1,27,1,0,3416,1,1,3,0,0,2,1,27,0,1,1,1,1,0,1,1
143,1,18,1,2,2462,1,1,2,0,0,2,1,22,0,1,1,3,1,0,1,2
144,0,21,0,2,2288,1,4,4,1,0,4,3,23,0,1,1,3,1,1,1,1
145,2,48,4,4,3566,4,2,4,0,0,2,1,30,0,1,1,3,1,0,1,1
146,1,6,0,3,860,1,0,1,1,0,4,0,39,0,1,2,3,1,1,1,1
147,0,12,0,3,682,4,2,4,1,0,3,1,51,0,1,2,3,1,1,1,1
148,1,36,0,2,5371,1,1,3,0,1,2,3,28,0,1,2,3,1,0,1,1
149,0,18,0,0,1582,3,0,4,0,0,4,1,46,0,1,2,3,1,0,1,1
150,0,6,1,0,1346,4,0,2,0,0,4,0,42,1,0,1,3,2,1,1,1
151,0,10,1,0,1924,1,1,1,0,0,4,3,38,0,1,1,3,1,1,0,1
152,3,36,1,0,5848,1,1,4,0,0,1,1,24,0,1,1,3,1,0,1,1
153,2,24,0,4,7758,3,0,2,1,0,4,0,29,0,2,1,3,1,0,1,1
154,2,24,2,4,6967,4,2,4,0,0,4,1,36,0,2,1,1,1,1,1,1
155,1,12,1,2,1282,1,1,2,1,0,4,1,20,0,2,1,3,1,0,1,2
156,1,9,0,6,1288,4,0,3,0,1,4,2,48,0,1,2,3,2,0,0,1
157,1,12,4,7,339,1,0,4,3,0,1,1,45,1,1,1,2,1,0,1,1
158,2,24,1,3,3512,4,2,2,0,0,3,1,38,1,1,2,3,1,1,1,1
159,0,6,0,0,1898,0,1,1,0,0,2,2,34,0,1,2,2,2,0,1,1
160,0,24,0,0,2872,4,0,3,0,0,4,2,36,0,1,1,3,2,1,1,1
161,0,18,0,3,1055,1,4,4,1,0,1,3,30,0,1,2,3,1,0,1,1
162,0,15,1,5,1262,2,2,4,0,0,3,3,36,0,1,2,3,1,1,1,1
163,2,10,1,3,7308,1,3,2,0,0,4,0,70,1,0,1,1,1,1,1,1
164,0,36,1,3,909,2,0,4,0,0,4,3,36,0,1,1,3,1,0,1,1
165,0,6,1,2,2978,2,1,1,0,0,2,1,32,0,1,1,3,1,1,1,1
166,1,18,1,2,1131,1,3,4,1,0,2,1,33,0,1,1,3,1,0,1,2
167,2,11,1,2,1577,3,4,4,1,0,1,2,20,0,1,1,3,1,0,1,1
168,0,24,1,2,3972,1,2,2,1,0,4,3,25,0,2,1,3,1,1,1,1
169,2,24,0,4,1935,1,0,4,2,0,4,2,31,0,1,2,3,1,1,1,2
170,1,15,3,3,950,1,0,4,0,0,3,1,33,0,2,2,3,2,0,1,2
171,0,12,1,2,763,1,1,4,1,0,1,2,26,0,1,1,3,1,1,1,1
172,2,24,2,2,2064,1,3,3,1,0,2,3,34,0,1,1,1,1,1,1,2
173,2,8,1,0,1414,1,1,4,0,1,2,2,33,0,1,1,3,1,0,0,1
174,1,21,2,1,3414,1,4,2,0,0,1,3,26,0,1,2,3,1,0,1,2
175,0,30,4,4,7485,0,3,4,1,0,1,2,53,1,1,1,1,1,1,1,2
176,1,12,1,2,2577,1,1,2,2,0,1,1,42,0,1,1,3,1,0,1,1
177,1,6,0,0,338,2,0,4,0,0,4,1,52,0,1,2,3,1,0,1,1
178,0,12,1,0,1963,1,2,4,0,0,2,1,31,0,2,2,1,2,1,1,1
179,1,21,0,3,571,1,0,4,0,0,4,2,65,0,1,2,3,1,0,1,1
180,0,36,2,4,9572,1,4,1,2,0,1,1,28,0,1,2,3,1,0,1,2
181,2,36,2,4,4455,1,1,2,2,0,2,2,30,2,1,2,1,1,1,1,2
182,1,21,4,3,1647,0,1,4,0,0,2,3,40,0,1,2,2,2,0,1,2
183,0,24,0,2,3777,3,1,4,0,0,4,2,50,0,1,1,3,1,1,1,1
184,2,18,0,3,884,1,0,4,0,0,4,1,36,1,1,1,3,2,1,1,2
185,0,15,0,0,1360,1,1,4,0,0,2,3,31,0,1,2,3,1,0,1,1
186,2,9,4,4,5129,1,0,2,1,0,4,0,74,1,0,1,1,2,1,1,2
187,2,16,0,3,1175,1,3,2,0,0,3,1,68,0,0,3,0,1,1,1,1
188,1,12,1,0,674,4,2,4,3,0,1,3,20,0,1,1,3,1,0,1,2
189,2,18,3,2,3244,1,1,1,1,0,4,1,33,1,1,2,3,1,1,1,1
190,0,24,1,4,4591,3,1,2,0,0,3,3,54,0,1,3,1,1,1,1,2
191,2,48,3,4,3844,4,2,4,0,0,4,0,34,0,0,1,2,2,0,1,2
192,2,27,1,4,3915,1,1,4,0,0,2,1,36,0,1,1,3,2,1,1,2
193,0,6,1,0,2108,1,2,2,3,0,2,2,29,0,2,1,3,1,0,1,1
194,2,45,1,0,3031,4,1,4,0,1,4,3,21,0,2,1,3,1,0,1,2
195,2,9,0,1,1501,1,0,2,1,0,3,1,34,0,1,2,1,1,1,1,2
196,0,6,0,0,1382,1,1,1,1,0,1,1,28,0,1,2,3,1,1,1,1
197,2,12,1,2,951,4,4,4,1,0,4,1,27,1,2,4,3,1,0,1,2
198,2,24,1,4,2760,0,0,4,0,0,4,0,36,1,0,1,3,1,1,1,1
199,2,18,2,2,4297,1,0,4,2,0,3,0,40,0,1,1,1,1,1,1,2
200,0,9,0,1,936,2,0,4,0,0,2,1,52,0,1,2,3,1,1,1,1
201,1,12,1,3,1168,1,1,4,3,0,3,2,27,0,1,1,2,1,0,1,1
202,0,27,2,4,5117,1,2,3,0,0,4,1,26,0,1,2,3,1,0,1,1
203,1,12,1,7,902,1,2,4,3,0,4,3,21,0,2,1,3,1,0,1,2
204,0,12,0,3,1495,1,0,4,0,0,1,2,38,0,1,2,2,2,0,1,1
205,1,30,0,4,10623,1,0,3,0,0,4,0,38,0,0,3,1,2,1,1,1
206,0,12,0,2,1935,1,0,4,0,0,4,2,43,0,1,3,3,1,1,1,1
207,2,12,0,5,1424,1,2,4,0,0,3,3,26,0,1,1,3,1,0,1,1
208,1,24,1,4,6568,1,1,2,3,0,2,1,21,2,1,1,2,1,0,1,1
209,0,12,1,4,1413,3,2,3,0,0,2,3,55,0,1,1,3,1,0,0,1
210,0,9,0,0,3074,0,1,1,0,0,2,2,33,0,1,2,3,2,0,1,1
211,0,36,1,0,3835,0,0,2,1,0,4,2,45,0,1,1,2,1,1,1,1
212,1,27,3,4,5293,1,3,2,0,0,4,3,50,2,1,2,3,1,1,1,2
213,3,30,2,4,1908,1,0,4,0,0,4,2,66,0,1,1,1,1,1,1,2
214,0,36,0,0,3342,0,0,4,0,0,2,1,51,0,1,1,3,1,1,1,1
215,2,6,0,7,932,0,2,1,1,0,3,3,39,0,1,2,2,1,0,1,1
216,1,18,3,4,3104,1,2,3,0,0,1,3,31,1,1,1,3,1,1,1,1
217,3,36,1,0,3913,1,1,2,0,0,2,2,23,0,1,1,3,1,1,1,1
218,1,24,1,2,3021,1,1,2,2,0,2,2,24,0,2,1,2,1,0,1,1
219,0,10,1,3,1364,1,1,2,1,0,4,1,64,0,1,1,3,1,1,1,1
220,2,12,1,0,625,1,4,4,3,1,1,2,26,1,1,1,2,1,0,1,1
221,1,12,1,1,1200,0,1,4,1,0,4,3,23,1,2,1,3,1,1,1,1
222,0,12,1,0,707,1,1,4,0,0,2,2,30,1,1,2,3,1,0,1,1
223,0,24,2,4,2978,0,1,4,0,0,4,2,32,0,1,2,3,2,1,1,1
224,0,15,1,4,4657,1,1,3,0,0,2,1,30,0,1,1,3,1,1,1,1
225,0,36,3,6,2613,1,1,4,0,0,2,1,27,0,1,2,3,1,0,1,1
226,2,48,1,0,10961,3,2,1,0,2,2,0,27,1,1,2,3,1,1,1,2
227,1,12,1,2,7865,1,0,4,0,0,4,0,53,0,0,1,1,1,1,1,2
228,0,9,1,0,1478,1,2,4,0,0,2,1,22,0,1,1,3,1,0,1,2
229,1,24,1,2,3149,1,4,4,0,0,1,0,22,1,0,1,3,1,0,1,1
230,3,36,1,0,4210,1,1,4,0,0,2,1,26,0,1,1,3,1,0,1,2
231,0,9,1,3,2507,2,0,2,0,0,4,0,51,0,0,1,2,1,0,1,1
232,0,12,1,0,2141,4,2,3,0,0,1,0,35,0,1,1,3,1,0,1,1
233,2,18,1,0,866,1,1,4,3,1,2,2,25,0,1,1,2,1,0,1,1
234,0,4,0,0,1544,1,2,2,0,0,1,2,42,0,1,3,2,2,0,1,1
235,1,24,1,0,1823,1,3,4,0,0,2,1,30,2,1,1,1,2,0,1,2
236,2,6,1,3,14555,0,3,1,0,0,2,3,23,0,1,1,0,1,1,1,2
237,2,21,1,4,2767,4,0,4,2,0,2,1,61,1,2,2,2,1,0,1,2
238,0,12,0,0,1291,1,1,4,1,0,2,3,35,0,1,2,3,1,0,1,1
239,1,30,1,0,2522,1,0,1,0,1,3,3,39,0,1,1,3,2,0,1,1
240,1,24,1,3,915,0,0,4,1,0,2,1,29,1,1,1,3,1,0,1,2
241,0,6,1,0,1595,1,2,3,0,0,2,3,51,0,1,1,3,2,0,1,1
242,1,48,3,4,4605,1,0,3,0,0,4,0,24,0,0,2,3,2,0,1,2
243,0,12,0,4,1185,1,1,3,1,0,2,2,27,0,1,2,3,1,0,1,1
244,0,12,4,7,3447,2,1,4,1,0,3,2,35,0,1,1,2,2,0,1,1
245,0,24,1,4,1258,1,2,4,0,0,1,2,25,0,1,1,3,1,1,1,1
246,0,12,0,0,717,1,0,4,0,0,4,2,52,0,1,3,3,1,0,1,1
247,0,6,3,3,1204,4,1,4,0,0,1,0,35,1,2,1,3,1,0,0,1
248,3,24,1,2,1925,1,1,2,0,0,2,2,26,0,1,1,3,1,0,1,1
249,0,18,1,0,433,1,3,3,1,2,4,2,22,0,2,1,3,1,0,1,2
250,1,6,0,3,666,3,2,3,1,0,4,2,39,0,1,2,2,1,1,1,1
251,3,12,1,2,2251,1,1,1,1,0,2,1,46,0,1,1,2,1,0,1,1
252,2,30,1,3,2150,1,1,4,1,1,2,0,24,1,1,1,3,1,0,1,2
253,0,24,2,2,4151,4,1,2,0,0,3,3,35,0,1,2,3,1,0,1,1
254,2,9,1,2,2030,0,2,2,0,0,1,1,24,0,1,1,3,1,1,1,1
255,2,60,2,0,7418,0,1,1,0,0,1,2,27,0,1,1,2,1,0,1,1
256,0,24,0,0,2684,1,1,4,0,0,2,2,35,0,1,2,2,1,0,1,1
257,1,12,4,0,2149,1,1,4,2,0,1,0,29,0,0,1,3,1,0,1,2
258,0,15,1,4,3812,4,4,1,1,0,4,1,23,0,1,1,3,1,1,1,1
259,0,11,0,0,1154,4,3,4,1,0,4,2,57,0,1,3,2,1,0,1,1
260,1,12,1,2,1657,1,1,2,0,0,2,2,27,0,1,1,3,1,0,1,1
261,1,24,1,0,1603,1,0,4,1,0,4,1,55,0,1,1,3,1,0,1,1
262,1,18,0,3,5302,1,0,2,0,0,4,0,36,0,0,3,1,1,1,1,1
263,0,12,0,1,2748,1,0,2,1,0,4,0,57,1,0,3,2,1,0,1,1
264,0,10,0,3,1231,1,0,3,0,0,4,2,32,0,1,2,2,2,0,0,1
265,2,15,1,0,802,1,0,4,0,0,3,1,37,0,1,1,3,2,0,1,2
266,0,36,0,4,6304,0,0,4,0,0,4,2,36,0,1,2,3,1,0,1,1
267,0,24,1,0,1533,1,4,4,1,0,3,1,38,2,1,1,3,1,1,1,1
268,1,14,1,3,8978,1,0,1,2,0,4,3,45,0,1,1,1,1,1,0,2
269,0,24,1,0,999,0,0,4,0,0,2,1,25,0,1,2,3,1,0,1,1
270,0,18,1,3,2662,0,2,4,0,0,3,3,32,0,1,1,3,1,0,0,1
271,0,12,0,2,1402,2,2,3,1,0,4,1,37,0,2,1,3,1,1,1,1
272,2,48,4,3,12169,0,3,4,0,2,4,0,36,0,0,1,1,1,1,1,1
273,2,48,1,0,3060,1,2,4,0,0,4,2,28,0,1,2,3,1,0,1,2
274,1,30,1,6,11998,1,4,1,2,0,1,0,34,0,1,1,2,1,1,1,2
275,0,9,1,0,2697,1,1,1,0,0,2,2,32,0,1,1,3,2,0,1,1
276,0,18,0,0,2404,1,1,2,1,0,2,1,26,0,1,2,3,1,0,1,1
277,1,12,1,2,1262,0,0,2,2,0,4,3,49,0,1,1,2,1,1,1,1
278,0,6,1,2,4611,1,4,1,1,0,4,3,32,0,1,1,3,1,0,1,2
279,0,24,1,0,1901,4,1,4,0,0,4,1,29,0,2,1,1,1,1,1,1
280,0,15,0,4,3368,3,0,3,0,0,4,0,23,0,2,2,3,1,1,1,1
281,0,12,1,2,1574,1,1,4,0,0,2,2,50,0,1,1,3,1,0,1,1
282,3,18,4,0,1445,0,2,4,0,0,4,1,49,1,1,1,2,1,0,1,1
283,0,15,0,2,1520,0,0,4,0,0,4,3,63,0,1,1,3,1,0,1,1
284,2,24,0,3,3878,4,4,4,2,0,2,1,37,0,1,1,3,1,1,1,1
285,1,47,1,3,10722,1,4,1,1,0,1,2,35,0,1,1,2,1,1,1,1
286,1,48,1,4,4788,1,2,4,0,0,3,3,26,0,1,1,3,2,0,1,1
287,2,48,2,8,7582,4,3,2,0,0,4,0,31,0,0,1,1,1,1,1,1
288,2,12,1,0,1092,1,1,4,1,1,4,2,49,0,1,2,3,1,1,1,1
289,1,24,2,0,1024,1,4,4,3,0,4,2,48,2,1,1,3,1,0,1,2
290,0,12,1,4,1076,1,1,2,3,0,2,2,26,0,1,1,3,1,1,0,1
291,2,36,1,4,9398,1,4,1,3,0,4,1,28,0,2,1,1,1,1,1,2
292,1,24,0,4,6419,1,0,2,1,0,4,0,44,0,0,2,1,2,1,1,1
293,3,42,0,4,4796,1,0,4,0,0,4,0,56,0,0,1,3,1,0,1,1
294,0,48,0,4,7629,0,0,4,2,0,2,1,46,1,1,2,1,2,0,1,1
295,2,48,1,2,9960,1,4,1,1,0,2,1,26,0,1,1,3,1,1,1,2
296,0,12,1,4,4675,0,4,1,1,0,4,1,20,0,2,1,3,1,0,1,1
297,0,10,1,3,1287,0,0,4,0,2,2,3,45,0,1,1,2,1,0,0,1
298,0,18,1,2,2515,1,1,3,0,0,4,2,43,0,1,1,3,1,1,1,1
299,2,21,0,2,2745,3,2,3,0,0,2,1,32,0,1,2,3,1,1,1,1
300,0,6,1,3,672,1,3,1,1,0,4,2,54,0,1,1,0,1,1,1,1
301,2,36,3,0,3804,1,1,4,1,0,1,1,42,0,1,1,3,1,1,1,2
302,3,24,0,3,1344,0,2,4,0,0,2,2,37,1,1,2,2,2,0,1,2
303,1,10,0,3,1038,1,2,4,0,2,3,3,49,0,1,2,3,1,1,1,1
304,0,48,0,3,10127,2,1,2,0,0,2,0,44,1,0,1,3,1,0,1,2
305,0,6,1,2,1543,3,1,4,2,0,2,2,33,0,1,1,3,1,0,1,1
306,0,30,1,4,4811,0,2,2,1,0,4,3,24,2,2,1,2,1,0,1,1
307,1,12,1,0,727,4,4,4,3,0,3,0,33,0,1,1,2,1,1,1,2
308,2,8,1,2,1237,1,1,3,1,0,4,2,24,0,1,1,3,1,0,1,2
309,2,9,1,3,276,1,1,4,3,0,4,2,22,0,2,1,2,1,0,1,1
310,2,48,1,8,5381,0,3,3,0,0,4,0,40,1,0,1,0,1,1,1,1
311,0,24,1,2,5511,4,1,4,0,0,1,1,25,2,1,1,3,1,0,1,1
312,3,24,1,2,3749,1,4,2,1,0,4,1,26,0,1,1,3,1,0,1,1
313,2,12,1,3,685,1,2,2,3,0,3,1,25,1,1,1,2,1,0,1,2
314,3,4,1,3,1494,0,4,1,0,0,2,2,29,0,1,1,2,2,0,0,1
315,1,36,4,2,2746,1,0,4,0,0,4,1,31,1,1,1,3,1,0,1,2
316,1,12,1,2,708,1,1,2,0,1,3,3,38,0,1,1,2,2,0,1,1
317,2,24,1,2,4351,0,1,1,1,0,4,3,48,0,1,1,2,1,1,1,1
318,0,12,0,1,701,1,1,4,0,0,2,1,32,0,1,2,3,1,0,1,1
319,1,15,2,2,3643,1,0,1,1,0,4,3,27,0,1,2,2,1,0,1,1
320,2,30,0,3,4249,1,3,4,3,0,2,1,28,0,1,2,1,1,0,1,2
321,1,24,1,0,1938,1,4,4,2,0,3,3,32,0,1,1,3,1,0,1,2
322,1,24,1,4,2910,1,2,2,0,0,1,0,34,0,0,1,1,1,1,1,1
323,1,18,1,2,2659,3,1,4,0,0,2,1,28,0,1,1,3,1,0,1,1
324,0,18,0,3,1028,1,1,4,1,0,3,2,36,0,1,2,3,1,0,1,1
325,1,8,0,3,3398,1,2,1,0,0,4,2,39,0,1,2,2,1,0,0,1
326,0,12,0,2,5801,0,0,2,0,0,4,3,49,0,2,1,3,1,1,1,1
327,0,24,1,3,1525,3,2,4,1,0,3,1,34,0,1,1,3,2,1,1,1
328,3,36,1,0,4473,1,0,4,0,0,2,1,31,0,1,1,3,1,0,1,1
329,2,6,1,0,1068,1,0,4,0,0,4,1,28,0,1,1,3,2,0,1,1
330,1,24,0,4,6615,1,3,2,0,0,4,0,75,0,0,2,1,1,1,1,1
331,0,18,0,1,1864,4,1,4,1,0,2,2,30,0,1,2,3,1,0,1,2
332,2,60,1,3,7408,4,4,4,1,0,2,3,24,0,1,1,1,1,0,1,2
333,0,48,0,4,11590,4,1,2,1,0,4,1,24,1,2,2,2,1,0,1,2
334,1,24,3,2,4110,1,0,3,0,0,4,0,23,1,2,2,3,2,0,1,2
335,1,6,0,2,3384,1,1,1,2,0,4,2,44,0,2,1,1,1,1,1,2
336,2,13,1,0,2101,1,4,2,1,1,4,3,23,0,1,1,2,1,0,1,1
337,1,15,1,5,1275,0,1,4,1,0,2,1,24,0,2,1,3,1,0,1,2
338,1,24,1,2,4169,1,1,4,0,0,4,3,28,0,1,1,3,1,0,1,1
339,2,10,1,2,1521,1,1,4,2,0,2,1,31,0,1,1,2,1,0,1,1
340,2,24,0,1,5743,1,4,2,1,0,4,0,24,0,0,2,3,1,1,1,1
341,1,21,1,2,3599,1,2,1,1,0,4,1,26,0,2,1,2,1,0,1,1
342,2,18,1,0,3213,2,4,1,3,0,3,2,25,0,2,1,3,1,0,1,1
343,2,18,1,4,4439,1,0,1,0,2,1,2,33,1,1,1,1,1,1,1,1
344,3,10,1,3,3949,1,4,1,0,1,1,3,37,0,1,1,2,2,0,1,1
345,0,15,0,0,1459,1,1,4,1,0,2,1,43,0,1,1,2,1,0,1,1
346,2,13,0,0,882,1,4,4,0,1,4,2,23,0,1,2,3,1,0,1,1
347,2,24,1,0,3758,2,3,1,1,0,4,0,23,0,2,1,0,1,0,1,1
348,0,6,2,4,1743,4,1,1,0,0,2,2,34,0,1,2,2,1,0,1,1
349,2,9,0,1,1136,3,0,4,0,0,3,0,32,0,0,2,3,2,0,1,2
350,0,9,1,5,1236,1,4,1,1,0,4,2,23,0,2,1,3,1,1,1,1
351,2,9,1,2,959,1,1,1,1,0,2,1,29,0,1,1,3,1,0,0,2
352,0,18,0,4,3229,0,3,2,0,0,4,0,38,0,1,1,1,1,1,1,1
353,1,12,3,0,6199,1,1,4,0,0,2,3,28,0,2,2,3,1,1,1,2
354,0,10,1,1,727,2,0,4,0,0,4,0,46,0,0,1,3,1,1,1,1
355,2,24,1,3,1246,1,4,4,0,0,2,2,23,2,1,1,2,1,0,1,2
356,0,12,0,0,2331,0,0,1,0,2,4,2,49,0,1,1,3,1,1,1,1
357,0,36,2,0,4463,1,1,4,0,0,2,1,26,0,1,2,1,1,1,1,2
358,0,12,1,0,776,1,1,4,3,0,2,2,28,0,1,1,3,1,0,1,1
359,1,30,1,2,2406,1,2,4,1,0,4,2,23,0,2,1,3,1,0,1,2
360,2,18,1,1,1239,0,1,4,0,0,4,0,61,0,0,1,3,1,0,1,1
361,3,12,1,0,3399,0,0,2,0,0,3,1,37,0,1,1,1,1,0,1,1
362,3,12,2,3,2247,1,1,2,1,0,2,1,36,2,1,2,3,1,1,1,1
363,0,6,1,2,1766,1,1,1,3,0,2,3,21,0,2,1,3,1,0,1,1
364,1,18,1,2,2473,1,3,4,0,0,1,1,25,0,1,1,0,1,0,1,2
365,0,12,1,4,1542,1,2,2,0,0,4,1,36,0,1,1,3,1,1,1,1
366,0,18,0,4,3850,1,2,3,0,0,1,1,27,0,1,2,3,1,0,1,1
367,1,18,1,2,3650,1,4,1,1,0,4,1,22,0,2,1,3,1,0,1,1
368,1,36,1,2,3446,1,0,4,0,0,2,1,42,0,1,1,3,2,0,1,2
369,2,18,1,2,3001,1,2,2,1,0,4,2,40,0,2,1,3,1,0,1,1
370,0,36,1,3,3079,0,1,4,0,0,4,2,36,0,1,1,3,1,0,1,1
371,0,18,0,0,6070,1,0,3,0,0,4,1,33,0,1,2,3,1,1,1,1
372,0,10,0,2,2146,1,4,1,1,0,3,2,23,0,2,2,3,1,0,1,1
373,0,60,0,3,13756,0,0,2,0,0,4,0,63,1,0,1,1,1,1,1,1
374,2,60,4,8,14782,4,0,3,1,0,4,0,60,1,0,2,1,1,1,1,2
375,1,48,4,4,7685,1,2,2,1,1,4,1,37,0,2,1,3,1,0,1,2
376,0,18,2,0,2320,1,3,2,3,0,3,2,34,0,1,2,3,1,0,1,1
377,0,7,2,0,846,0,0,3,0,0,4,0,36,0,0,1,3,1,0,1,1
378,2,36,1,3,14318,1,0,4,0,0,2,0,57,0,0,1,1,1,1,1,2
379,0,6,0,3,362,4,1,4,1,0,4,1,52,0,1,2,2,1,0,1,1
380,1,20,1,2,2212,0,2,4,0,0,4,1,39,0,1,1,3,1,1,1,1
381,2,18,1,4,12976,1,3,3,1,0,4,0,38,0,0,1,1,1,1,1,2
382,0,22,1,3,1283,0,2,4,1,0,4,3,25,0,2,1,3,1,0,1,1
383,3,12,1,3,1330,1,4,4,0,0,1,2,26,0,1,1,3,1,0,1,1
384,0,30,2,4,4272,4,1,2,0,0,2,3,26,0,1,2,2,1,0,1,1
385,0,18,0,0,2238,1,1,2,1,0,1,1,25,0,1,2,3,1,0,1,1
386,0,18,1,0,1126,0,4,4,1,0,2,2,21,0,2,1,3,1,1,1,1
387,2,18,0,2,7374,1,3,4,0,0,4,3,40,2,1,2,1,1,1,1,1
388,2,15,0,4,2326,2,1,2,0,0,4,1,27,1,1,1,3,1,0,1,1
389,0,9,1,4,1449,1,2,3,1,0,2,1,27,0,1,2,3,1,0,1,1
390,0,18,1,3,1820,1,1,2,3,0,2,3,30,0,1,1,1,1,1,1,1
391,2,12,1,2,983,3,4,1,1,0,4,2,19,0,2,1,2,1,0,1,1
392,1,36,1,3,3249,1,2,2,0,0,4,0,39,1,0,1,1,2,1,1,1
393,1,6,0,0,1957,1,2,1,1,0,4,1,31,0,1,1,3,1,0,1,1
394,0,9,0,2,2406,1,3,2,0,0,3,1,31,0,1,1,1,1,0,1,1
395,2,39,2,1,11760,4,2,2,0,0,3,0,32,0,2,1,3,1,1,1,1
396,1,12,1,2,2578,1,3,3,1,0,4,0,55,0,0,1,1,1,0,1,1
397,1,36,0,2,2348,1,1,3,3,0,2,3,46,0,1,2,3,1,1,1,1
398,2,12,1,3,1223,1,0,1,2,0,1,2,46,0,2,2,3,1,0,1,2
399,0,24,0,0,1516,3,1,4,1,0,1,2,43,0,1,2,2,1,0,1,1
400,0,18,1,0,1473,1,4,3,3,0,4,2,39,0,1,1,3,1,1,1,1
401,2,18,0,4,1887,0,1,4,3,0,4,2,28,1,1,2,3,1,0,1,1
402,0,24,2,4,8648,1,4,2,0,0,2,1,27,1,1,2,3,1,1,1,2
403,0,14,2,3,802,1,1,4,0,0,2,1,27,0,1,2,2,1,0,1,1
404,2,18,2,3,2899,0,0,4,0,0,4,1,43,0,1,1,3,2,0,1,1
405,2,24,1,0,2039,1,4,1,3,0,1,3,22,0,1,1,3,1,1,1,2
406,0,24,0,4,2197,0,2,4,0,0,4,1,43,0,1,2,3,2,1,1,1
407,1,15,1,0,1053,1,4,4,3,0,2,2,27,0,1,1,3,1,0,0,1
408,0,24,1,0,3235,2,0,3,2,0,2,1,26,0,1,1,1,1,1,1,1
409,3,12,0,3,939,2,2,4,3,0,2,2,28,0,1,3,3,1,1,1,2
410,2,24,1,0,1967,1,0,4,1,0,4,1,20,0,1,1,3,1,1,1,1
411,0,33,0,4,7253,1,2,3,0,0,2,1,35,0,1,2,1,1,1,1,1
412,0,12,0,4,2292,1,3,4,0,0,2,1,42,2,1,2,1,1,1,1,2
413,0,10,1,3,1597,2,1,3,0,0,2,0,40,0,2,1,2,2,0,0,1
414,1,24,1,3,1381,0,1,4,1,0,2,3,35,0,1,1,3,1,0,1,2
415,0,36,0,4,5842,1,0,2,0,0,2,3,35,0,1,2,3,2,1,1,1
416,1,12,1,3,2579,1,4,4,0,0,1,2,33,0,1,1,2,2,0,1,2
417,1,18,2,1,8471,0,1,1,1,0,2,1,23,0,2,2,3,1,1,1,1
418,0,21,1,3,2782,2,2,1,1,0,2,1,31,1,1,1,1,1,0,1,1
419,2,18,1,3,1042,0,1,4,1,0,2,3,33,0,1,1,3,1,0,1,2
420,0,15,1,3,3186,3,2,2,1,0,3,1,20,0,2,1,3,1,0,1,1
421,2,12,1,4,2028,0,1,4,0,0,2,1,30,0,1,1,3,1,0,1,1
422,2,12,0,3,958,1,2,2,0,0,3,2,47,0,1,2,2,2,0,1,1
423,0,21,2,2,1591,4,2,4,0,0,3,2,34,0,1,2,1,1,0,1,1
424,2,12,1,2,2762,0,0,1,1,0,2,3,25,1,1,1,3,1,1,1,2
425,2,18,1,4,2779,1,1,1,3,0,3,1,21,0,2,1,3,1,1,1,1
426,0,28,0,0,2743,1,0,4,0,0,2,1,29,0,1,2,3,1,0,1,1
427,0,18,0,0,1149,3,1,4,0,0,3,2,46,0,1,2,3,1,0,1,1
428,0,9,1,2,1313,1,0,1,0,0,4,1,20,0,1,1,3,1,0,1,1
429,1,18,0,6,1190,1,3,2,1,0,4,0,55,0,0,3,0,2,0,1,2
430,0,5,1,4,3448,1,2,1,0,0,4,2,74,0,1,1,2,1,0,1,1
431,2,24,1,8,11328,1,1,2,0,2,3,1,29,1,1,2,1,1,1,1,2
432,1,6,0,2,1872,1,3,4,0,0,4,0,36,0,0,3,1,1,1,1,1
433,0,24,0,6,2058,1,1,4,2,0,2,2,33,0,1,2,3,1,1,1,1
434,1,9,1,2,2136,1,1,3,0,0,2,2,25,0,1,1,3,1,0,1,1
435,2,12,1,0,1484,0,1,2,3,0,1,2,25,0,1,1,3,1,1,1,2
436,0,6,1,6,660,2,2,2,3,0,4,2,23,0,2,1,2,1,0,1,1
437,0,24,0,3,1287,3,0,4,1,0,4,2,37,0,1,2,3,1,1,1,1
438,1,42,0,6,3394,1,3,4,0,2,4,1,65,0,1,2,0,1,0,1,1
439,3,12,4,4,609,1,4,4,1,0,1,2,26,0,1,1,0,1,0,1,2
440,0,12,1,3,1884,1,0,4,0,0,4,1,39,0,1,1,1,1,1,1,1
441,1,12,1,2,1620,1,1,2,1,2,3,3,30,0,1,1,3,1,0,1,1
442,2,20,2,8,2629,1,1,2,0,0,3,1,29,1,1,2,3,1,1,1,1
443,0,12,1,1,719,1,0,4,0,0,4,1,41,1,1,1,2,2,0,1,2
444,2,48,0,2,5096,1,1,2,1,0,3,1,30,0,1,1,1,1,1,1,2
445,0,9,0,1,1244,0,0,4,1,0,4,3,41,0,2,2,2,1,0,1,1
446,1,36,1,3,1842,1,4,4,1,0,4,1,34,0,1,1,3,1,1,1,2
447,2,7,1,0,2576,1,1,2,0,1,2,2,35,0,1,1,3,1,0,1,1
448,3,12,1,2,1424,0,0,3,1,0,4,2,55,0,1,1,1,1,1,1,1
449,2,15,2,6,1512,3,1,3,3,0,3,3,61,2,1,2,3,1,0,1,2
450,0,36,0,4,11054,0,1,4,0,0,2,1,30,0,1,1,1,1,1,1,1
451,0,6,1,0,518,1,1,3,1,0,1,2,29,0,1,1,3,1,0,1,1
452,0,12,3,2,2759,1,0,2,0,0,4,3,34,0,1,2,3,1,0,1,1
453,0,24,1,4,2670,1,0,4,0,0,4,1,35,0,1,1,1,1,1,1,1
454,1,24,1,3,4817,1,2,2,0,2,3,3,31,0,1,1,3,1,1,1,2
455,0,24,1,4,2679,1,4,4,1,0,1,0,29,0,1,1,1,1,1,1,1
456,1,11,0,3,3905,1,1,2,0,0,2,2,36,0,2,2,3,2,0,1,1
457,1,12,1,4,3386,1,0,3,0,0,4,0,35,0,0,1,3,1,1,1,2
458,1,6,1,5,343,1,4,4,1,0,1,2,27,0,1,1,3,1,0,1,1
459,0,18,1,0,4594,1,4,3,0,0,2,1,32,0,1,1,3,1,1,1,1
460,1,36,1,2,3620,1,1,1,0,1,2,3,37,0,1,1,3,2,0,1,1
461,1,15,1,3,1721,1,4,2,0,0,3,2,36,0,1,1,3,1,0,1,1
462,2,12,1,2,3017,1,4,3,1,0,1,2,34,0,2,1,1,1,0,1,1
463,2,12,1,7,754,0,0,4,0,0,4,3,38,0,1,2,3,1,0,1,1
464,0,18,1,4,1950,1,2,4,0,0,1,1,34,2,1,2,3,1,1,1,1
465,1,24,1,4,2924,1,1,3,0,1,4,0,63,1,1,1,3,2,1,1,1
466,1,24,2,0,1659,1,4,4,1,0,2,1,29,0,2,1,2,1,1,1,2
467,0,48,2,0,7238,0,0,3,0,0,3,1,32,1,1,2,3,2,0,1,1
468,0,33,2,4,2764,1,1,2,1,0,2,1,26,0,1,2,3,1,1,1,1
469,0,24,2,4,4679,1,2,3,0,0,3,1,35,0,1,2,2,1,1,1,1
470,2,24,1,0,3092,4,4,3,3,0,2,1,22,0,2,1,3,1,1,1,2
471,1,6,1,1,448,1,4,4,1,0,4,3,23,0,1,1,3,1,0,1,2
472,1,9,1,3,654,1,1,4,0,0,3,1,28,0,1,1,2,1,0,1,2
473,0,6,1,7,1238,0,3,4,0,0,4,3,36,0,1,1,1,2,1,1,1
474,2,18,0,0,1245,1,1,4,3,0,2,1,33,0,1,1,3,1,0,1,2
475,1,18,3,2,3114,1,4,1,1,0,4,3,26,0,2,1,3,1,0,1,2
476,0,39,1,4,2569,2,1,4,0,0,4,1,24,0,1,1,3,1,0,1,1
477,3,24,1,0,5152,1,2,4,0,0,2,1,25,1,1,1,3,1,0,1,1
478,2,12,1,4,1037,4,2,3,0,0,4,2,39,0,1,1,2,1,0,1,1
479,1,15,0,2,1478,1,0,4,0,0,4,1,44,0,1,2,3,2,1,1,1
480,2,12,0,0,3573,1,1,1,1,0,1,2,23,0,1,1,2,1,0,1,1
481,2,24,1,3,1201,1,4,4,0,0,1,3,26,0,1,1,3,1,0,1,1
482,1,30,1,2,3622,3,0,4,1,0,4,3,57,0,2,2,3,1,1,1,1
483,0,15,2,2,960,3,2,3,1,0,2,3,30,0,1,2,3,1,0,1,1
484,0,12,0,3,1163,2,1,4,0,0,4,2,44,0,1,1,3,1,1,1,1
485,2,6,2,3,1209,1,3,4,0,0,4,3,47,0,1,1,1,1,1,1,2
486,0,12,1,0,3077,1,1,2,0,0,4,1,52,0,1,1,3,1,1,1,1
487,0,24,1,3,3757,1,0,4,1,2,4,0,62,0,0,1,3,1,1,1,1
488,0,10,1,3,1418,4,1,3,0,0,2,2,35,0,2,1,2,1,0,0,1
489,0,6,1,3,3518,1,1,2,0,1,3,3,26,0,2,1,3,1,0,1,1
490,0,12,0,0,1934,1,0,2,0,0,2,0,26,0,1,2,3,1,0,1,1
491,2,27,3,4,8318,1,0,2,1,0,4,0,42,0,0,2,1,1,1,1,2
492,0,6,0,0,1237,4,1,1,1,0,1,3,27,0,1,2,3,1,0,1,1
493,2,6,1,0,368,0,0,4,0,0,4,3,38,0,1,1,3,1,0,1,1
494,1,12,0,3,2122,1,1,3,0,0,2,2,39,0,2,2,2,2,0,0,1
495,1,24,1,2,2996,0,1,2,3,0,4,1,20,0,1,1,3,1,0,1,2
496,2,36,1,2,9034,4,4,4,0,2,1,0,29,0,2,1,1,1,1,1,2
497,0,24,0,2,1585,1,2,4,0,0,3,3,40,0,1,2,3,1,0,1,1
498,2,18,1,0,1301,1,0,4,3,1,2,2,32,0,1,1,2,1,0,1,1
499,3,6,0,3,1323,4,0,2,2,0,4,1,28,0,1,2,3,2,1,1,1
500,1,24,1,3,3123,1,4,4,1,0,1,3,27,0,1,1,3,1,0,1,2
501,1,36,1,4,5493,1,0,2,0,0,4,0,42,0,0,1,3,2,0,1,1
502,3,9,1,0,1126,4,0,2,2,0,4,2,49,0,1,1,3,1,0,1,1
503,2,24,0,0,1216,4,4,4,0,0,4,0,38,1,1,2,3,2,0,1,2
504,1,24,1,3,1207,1,4,4,1,0,4,3,24,0,2,1,3,1,0,1,2
505,0,10,1,3,1309,0,1,4,0,1,4,3,27,0,1,1,2,1,0,1,2
506,3,15,0,4,2360,2,1,2,0,0,2,1,36,0,1,1,3,1,1,1,1
507,2,15,4,3,6850,4,3,1,0,0,2,3,34,0,1,1,1,2,1,1,2
508,0,24,1,0,1413,1,1,4,3,0,2,3,28,0,1,1,3,1,0,1,1
509,0,39,1,4,8588,4,0,4,0,0,2,1,45,0,1,1,1,1,1,1,1
510,1,12,1,3,759,1,2,4,0,0,2,2,26,0,1,1,3,1,0,1,2
511,0,36,1,4,4686,1,1,2,0,0,2,0,32,0,0,1,1,1,1,1,1
512,3,15,1,4,2687,1,2,2,0,0,4,3,26,0,2,1,3,1,1,1,1
513,2,12,2,0,585,1,1,4,3,2,4,2,20,0,2,2,3,1,0,1,1
514,0,24,1,3,2255,0,4,4,0,0,1,3,54,0,1,1,3,1,0,1,1
515,1,6,0,3,609,1,2,4,1,0,3,3,37,0,1,2,3,1,0,0,1
516,1,6,0,3,1361,1,4,2,0,0,4,2,40,0,1,1,2,2,0,0,1
517,0,36,0,2,7127,1,4,2,1,0,4,3,23,0,2,2,3,1,1,1,2
518,1,6,1,3,1203,4,0,3,0,0,2,3,43,0,1,1,3,1,1,1,1
519,0,6,0,0,700,0,0,4,0,0,4,0,36,0,0,2,3,1,0,1,1
520,0,24,0,6,5507,1,0,3,0,0,4,0,44,0,0,2,3,1,0,1,1
521,1,18,1,0,3190,1,1,2,1,0,2,2,24,0,1,1,3,1,0,1,2
522,1,48,3,2,7119,1,1,3,0,0,4,0,53,0,0,2,3,2,0,1,2
523,0,24,1,4,3488,4,2,3,1,0,4,1,23,0,1,1,3,1,0,1,1
524,2,18,1,0,1113,1,1,4,1,1,4,2,26,0,1,1,2,2,0,1,1
525,2,26,1,4,7966,1,4,2,0,0,3,1,30,0,1,2,3,1,0,1,1
526,0,15,0,1,1532,4,1,4,1,0,3,1,31,0,1,1,3,1,0,1,1
527,0,4,0,0,1503,1,2,2,0,0,1,2,42,0,1,2,2,2,0,1,1
528,1,36,1,0,2302,1,1,4,2,0,4,1,31,0,2,1,3,1,0,1,2
529,1,6,1,3,662,1,4,3,0,0,4,2,41,0,1,1,2,2,1,1,1
530,2,36,1,1,2273,1,2,3,0,0,1,1,32,0,1,2,3,2,0,1,1
531,2,15,1,3,2631,4,1,2,1,0,4,1,28,0,2,2,3,1,1,1,2
532,0,12,2,4,1503,1,1,4,3,0,4,2,41,0,2,1,3,1,0,1,1
533,0,24,1,0,1311,4,2,4,3,0,3,3,26,0,1,1,3,1,1,1,1
534,0,24,1,0,3105,0,4,4,0,0,2,1,25,0,1,2,3,1,0,1,1
535,3,21,0,1,2319,1,4,2,2,0,1,1,33,0,2,1,3,1,0,1,2
536,1,6,1,3,1374,0,3,4,1,0,3,3,75,0,1,1,1,1,1,1,1
537,2,18,0,2,3612,1,0,3,1,0,4,3,37,0,1,1,3,1,1,1,1
538,1,48,1,3,7763,1,0,4,0,0,4,0,42,1,0,1,1,1,0,1,2
539,3,18,1,2,3049,1,4,1,1,0,1,3,45,2,1,1,2,1,0,1,1
540,2,12,1,0,1534,1,4,1,3,0,1,2,23,0,2,1,3,1,0,1,2
541,0,24,2,3,2032,1,0,4,0,0,4,0,60,0,0,2,3,1,1,1,1
542,1,30,1,2,6350,0,0,4,0,0,4,3,31,0,1,1,3,1,0,1,2
543,3,18,1,2,2864,1,1,2,0,0,1,2,34,0,1,1,2,2,0,1,2
544,0,12,0,3,1255,1,0,4,0,0,4,2,61,0,1,2,2,1,0,1,1
545,1,24,2,3,1333,1,3,4,0,0,2,2,43,0,0,2,3,2,0,1,2
546,0,24,0,3,2022,1,1,4,1,0,4,1,37,0,1,1,3,1,1,1,1
547,0,24,1,0,1552,1,2,3,0,0,1,1,32,1,1,1,3,2,0,1,1
548,1,12,4,0,626,1,1,4,1,0,4,2,24,1,1,1,2,1,0,1,2
549,0,48,0,4,8858,0,2,2,0,0,1,0,35,0,0,2,3,1,1,1,1
550,0,12,0,6,996,0,2,4,1,0,4,2,23,0,1,2,3,1,0,1,1
551,0,6,4,0,1750,2,0,2,0,0,4,3,45,1,1,1,2,2,0,1,1
552,1,48,1,0,6999,1,2,1,3,1,1,2,34,0,1,2,3,1,1,1,2
553,2,12,0,3,1995,4,4,4,0,0,1,1,27,0,1,1,3,1,0,1,1
554,2,9,1,1,1199,1,2,4,1,0,4,3,67,0,1,2,1,1,1,1,1
555,2,12,1,0,1331,1,4,2,0,0,1,1,22,2,1,1,3,1,0,1,2
556,2,18,3,3,2278,4,4,3,1,0,3,1,28,0,1,2,3,1,0,1,2
557,0,21,3,3,5003,0,1,1,1,0,4,3,29,1,1,2,3,1,1,1,2
558,1,24,4,2,3552,1,2,3,0,0,4,1,27,1,1,1,3,1,0,1,2
559,2,18,0,2,1928,1,4,2,0,0,2,2,31,0,1,2,2,1,0,1,2
560,1,24,1,4,2964,0,0,4,0,0,4,0,49,1,0,1,3,2,1,1,1
561,1,24,4,0,1546,1,2,4,0,1,4,1,24,1,2,1,2,1,0,1,2
562,3,6,2,0,683,1,4,2,1,0,1,3,29,1,1,1,3,1,0,1,1
563,2,36,1,3,12389,0,1,1,0,0,4,0,37,0,0,1,3,1,1,1,2
564,2,24,2,4,4712,0,1,4,0,0,2,3,37,1,1,2,1,1,1,1,1
565,2,24,2,0,1553,4,2,3,1,0,2,3,23,0,2,2,3,1,1,1,1
566,1,12,1,3,1372,1,2,2,2,0,3,1,36,0,1,1,3,1,0,1,2
567,0,24,0,0,2578,3,0,2,0,0,2,1,34,0,1,1,3,1,0,1,1
568,2,48,1,0,3979,0,2,4,0,0,1,1,41,0,1,2,3,2,1,1,1
569,1,48,1,0,6758,1,1,3,1,0,2,1,31,0,1,1,3,1,1,1,2
570,1,24,1,2,3234,1,4,4,1,0,4,2,23,0,2,1,2,1,1,1,2
571,0,30,0,0,5954,1,2,3,0,2,2,1,38,0,1,1,3,1,0,1,1
572,0,24,1,4,5433,0,3,2,1,0,4,3,26,0,2,1,1,1,1,1,1
573,1,15,1,4,806,1,1,4,1,0,4,3,22,0,1,1,2,1,0,1,1
574,2,9,1,0,1082,1,0,4,0,0,4,1,27,0,1,2,2,1,0,1,1
575,0,15,0,2,2788,1,2,2,1,2,3,1,24,1,1,2,3,1,0,1,1
576,2,12,1,0,2930,1,2,2,1,0,1,2,27,0,1,1,3,1,0,1,1
577,0,24,0,1,1927,0,1,3,1,0,2,1,33,0,1,2,3,1,1,1,1
578,2,36,0,3,2820,1,4,4,2,0,4,1,27,0,1,2,3,1,0,1,2
579,0,24,1,7,937,1,4,4,3,0,3,1,27,0,1,2,2,1,0,1,1
580,2,18,0,3,1056,1,0,3,0,1,3,2,30,1,1,2,3,1,0,1,2
581,2,12,0,3,3124,1,4,1,0,0,3,2,49,1,1,2,2,2,0,1,1
582,0,9,1,2,1388,1,1,4,1,0,2,2,26,0,2,1,3,1,0,1,1
583,2,36,1,6,2384,1,4,4,0,0,1,0,33,0,2,1,2,1,0,1,2
584,0,12,1,3,2133,0,0,4,1,0,4,0,52,0,0,1,1,1,1,1,1
585,1,18,1,2,2039,1,1,1,1,0,4,2,20,1,2,1,3,1,0,1,2
586,1,9,0,3,2799,1,1,2,0,0,2,2,36,0,2,2,3,2,0,1,1
587,1,12,1,2,1289,1,1,4,0,1,1,3,21,0,1,1,2,1,0,1,1
588,1,18,1,5,1217,1,1,4,3,0,3,2,47,0,1,1,2,1,1,1,2
589,1,12,0,2,2246,1,0,3,0,0,3,3,60,0,1,2,3,1,0,1,2
590,1,12,0,0,385,1,2,4,1,0,3,2,58,0,1,4,2,1,1,1,1
591,2,24,2,3,1965,0,1,4,1,0,4,1,42,0,2,2,3,1,1,1,1
592,0,21,1,4,1572,3,0,4,1,0,4,2,36,1,1,1,2,1,0,1,1
593,2,24,1,3,2718,1,1,3,1,0,4,3,20,0,2,1,2,1,1,1,2
594,1,24,4,8,1358,0,0,4,0,0,3,1,40,2,1,1,1,1,1,1,2
595,2,6,4,3,931,4,4,1,1,0,1,3,32,2,1,1,2,1,0,1,2
596,1,24,1,3,1442,1,2,4,1,0,4,1,23,0,2,2,3,1,0,1,2
597,2,24,3,4,4241,1,1,1,0,0,4,2,36,0,1,3,2,1,1,1,2
598,0,18,0,3,2775,1,2,2,0,0,2,3,31,1,1,2,3,1,0,1,2
599,0,24,2,4,3863,1,1,1,0,0,2,0,32,0,0,1,3,1,0,1,1
600,2,7,1,0,2329,1,4,1,1,1,1,2,45,0,1,1,3,1,0,1,1
601,2,9,1,2,918,1,1,4,1,0,1,3,30,0,1,1,3,1,0,1,2
602,2,24,4,1,1837,1,2,4,1,0,4,0,34,1,0,1,2,1,0,1,2
603,0,36,1,2,3349,1,1,4,1,0,2,1,28,0,1,1,1,1,1,1,2
604,3,10,1,2,1275,1,4,4,1,0,2,3,23,0,1,1,3,1,0,1,1
605,1,24,4,2,2828,2,1,4,0,0,4,2,22,2,1,1,3,1,1,1,1
606,0,24,0,4,4526,1,1,3,0,0,2,2,74,0,1,1,1,1,1,1,1
607,2,36,1,0,2671,4,1,4,1,2,4,0,50,0,0,1,3,1,0,1,2
608,0,18,1,0,2051,1,4,4,0,0,1,2,33,0,1,1,3,1,0,1,1
609,0,15,1,4,1300,0,0,4,0,0,4,0,45,1,0,1,3,2,0,1,1
610,1,12,1,5,741,4,3,4,1,0,3,3,22,0,1,1,3,1,0,1,2
611,3,10,1,3,1240,4,0,1,1,0,4,0,48,0,0,1,2,2,0,1,2
612,1,21,1,0,3357,3,4,4,1,0,2,1,29,1,1,1,3,1,0,1,1
613,1,24,4,4,3632,1,1,1,1,1,4,1,22,1,2,1,3,1,0,0,1
614,0,18,2,2,1808,1,2,4,1,0,1,2,22,0,1,1,3,1,0,1,2
615,2,48,3,4,12204,0,1,2,0,0,2,1,48,1,1,1,1,1,1,1,1
616,2,60,2,0,9157,0,1,2,0,0,2,0,27,0,0,1,1,1,0,1,1
617,1,6,0,3,3676,1,1,1,0,0,3,2,37,0,2,3,3,2,0,1,1
618,2,30,1,2,3441,4,1,2,1,2,4,1,21,0,2,1,3,1,0,1,2
619,0,12,1,3,640,1,1,4,2,0,2,2,49,0,1,1,2,1,0,1,1
620,2,21,0,4,3652,1,2,2,0,0,3,3,27,0,1,2,3,1,0,1,1
621,0,18,0,3,1530,1,1,3,0,0,2,3,32,1,1,2,3,1,0,1,2
622,0,48,1,4,3914,0,1,4,2,0,2,2,38,1,1,1,3,1,0,1,2
623,1,12,1,2,1858,1,4,4,1,0,1,1,22,0,2,1,3,1,0,1,1
624,1,18,1,0,2600,1,1,4,0,0,4,0,65,0,0,2,3,1,0,1,2
625,0,15,1,0,1979,0,0,4,0,0,2,1,35,0,1,1,3,1,0,1,1
626,3,6,1,2,2116,1,1,2,0,0,2,2,41,0,1,1,3,1,1,1,1
627,2,9,4,3,1437,4,2,2,0,0,3,0,29,0,1,1,3,1,0,1,2
628,0,42,0,2,4042,2,1,4,0,0,4,2,36,0,1,2,3,1,1,1,1
629,0,9,1,1,3832,0,0,1,0,0,4,2,64,0,1,1,2,1,0,1,1
630,1,24,1,0,3660,1,1,2,1,0,4,1,28,0,1,1,3,1,0,1,1
631,1,18,4,2,1553,1,1,4,0,0,3,1,44,1,1,1,3,1,0,1,2
632,2,15,1,0,1444,0,4,4,0,0,1,3,23,0,1,1,3,1,0,1,1
633,0,9,1,2,1980,1,4,2,1,2,2,1,19,0,2,2,3,1,0,1,2
634,2,24,1,3,1355,1,4,3,1,0,4,1,25,0,1,1,2,1,1,1,2
635,0,12,1,1,1393,1,0,4,0,0,4,3,47,1,1,3,3,2,1,1,1
636,0,24,1,0,1376,2,2,4,1,0,1,1,28,0,1,1,3,1,0,1,1
637,0,60,2,0,15653,1,2,2,0,0,4,1,21,0,1,2,3,1,1,1,1
638,0,12,1,0,1493,1,4,4,1,0,3,1,34,0,1,1,3,2,0,1,1
639,1,42,2,0,4370,1,2,3,0,0,2,3,26,1,1,2,3,2,1,1,2
640,1,18,1,1,750,1,3,4,1,0,1,2,27,0,1,1,0,1,0,1,2
641,2,15,1,6,1308,1,0,4,0,0,4,1,38,0,1,2,2,1,0,1,1
642,0,15,1,1,4623,4,1,3,0,0,2,3,40,0,1,1,1,1,1,1,2
643,0,24,0,0,1851,1,2,4,3,1,2,1,33,0,1,2,3,1,1,1,1
644,1,18,0,0,1880,1,2,4,3,0,1,3,32,0,1,2,1,1,1,1,1
645,0,36,2,4,7980,0,4,4,0,0,4,1,27,0,2,2,3,1,1,1,2
646,1,30,3,2,4583,1,1,2,2,1,2,2,32,0,1,2,3,1,0,1,1
647,0,12,1,3,1386,2,1,2,1,0,2,3,26,0,1,1,3,1,0,1,2
648,3,24,1,3,947,1,2,4,0,0,3,0,38,1,0,1,3,2,0,1,2
649,1,12,1,1,684,1,1,4,0,0,4,1,40,0,2,1,2,2,0,1,2
650,1,48,1,1,7476,1,2,4,0,0,1,0,50,0,0,1,1,1,1,1,1
651,2,12,1,2,1922,1,1,4,0,0,2,3,37,0,1,1,2,1,0,1,2
652,1,24,1,3,2303,1,0,4,0,2,1,2,45,0,1,1,3,1,0,1,2
653,2,36,2,3,8086,4,0,2,0,0,4,1,42,0,1,4,1,1,1,1,2
654,0,24,0,4,2346,1,2,4,0,0,3,1,35,0,1,2,3,1,1,1,1
655,1,14,1,3,3973,1,3,1,0,0,4,0,22,0,0,1,3,1,0,1,1
656,2,12,1,3,888,1,0,4,0,0,4,1,41,1,1,1,2,2,0,1,2
657,0,48,1,0,10222,0,2,4,0,0,3,1,37,2,1,1,3,1,1,1,1
658,2,30,3,4,4221,1,1,2,1,0,1,1,28,0,1,2,3,1,0,1,1
659,2,18,0,2,6361,1,0,2,0,0,1,0,41,0,1,1,3,1,1,1,1
660,3,12,1,0,1297,1,1,3,3,0,4,2,23,0,2,1,3,1,0,1,1
661,1,12,1,3,900,0,1,4,3,0,2,1,23,0,1,1,3,1,0,1,2
662,0,21,1,2,2241,1,0,4,0,0,2,2,50,0,1,2,3,1,0,1,1
663,2,6,2,2,1050,1,3,4,0,0,1,3,35,2,1,2,1,1,1,1,1
664,3,6,0,1,1047,1,1,2,1,0,4,3,50,0,1,1,2,1,0,1,1
665,0,24,0,8,6314,1,3,4,0,2,2,0,27,1,1,2,1,1,1,1,1
666,2,30,4,2,3496,3,1,4,0,0,2,1,34,2,1,1,3,2,1,1,1
667,0,48,4,4,3609,1,1,1,1,0,1,2,27,2,1,1,3,1,0,1,1
668,1,12,0,3,4843,1,0,3,0,2,4,3,43,0,2,2,3,1,1,1,2
669,3,30,0,0,3017,1,0,4,0,0,4,3,47,0,1,1,3,1,0,1,1
670,0,24,0,4,4139,4,1,3,0,0,3,3,27,0,1,2,2,1,1,1,1
671,0,36,1,4,5742,4,2,2,0,0,2,1,31,0,1,2,3,1,1,1,1
672,0,60,1,3,10366,1,0,2,0,0,4,3,42,0,1,1,1,1,1,1,1
673,0,6,0,3,2080,2,1,1,3,0,2,1,24,0,1,1,3,1,0,1,1
674,0,21,2,4,2580,2,4,4,0,0,2,2,41,1,1,1,2,2,0,1,2
675,0,30,0,0,4530,1,2,4,1,0,4,1,26,0,2,1,1,1,1,1,1
676,0,24,0,2,5150,1,0,4,0,0,4,1,33,0,1,1,3,1,1,1,1
677,2,72,1,0,5595,4,1,2,3,0,2,1,24,0,1,1,3,1,0,1,2
678,1,24,1,0,2384,1,0,4,0,0,4,2,64,1,2,1,2,1,0,1,1
679,0,18,1,0,1453,1,4,3,1,0,1,2,26,0,1,1,3,1,0,1,1
680,0,6,1,1,1538,1,4,1,1,0,2,0,56,0,1,1,3,1,0,1,1
681,0,12,1,0,2279,0,1,4,0,0,4,0,37,0,0,1,3,1,1,1,1
682,0,15,2,0,1478,1,1,4,3,0,3,2,33,1,1,2,3,1,0,1,1
683,0,24,0,0,5103,1,4,3,3,0,3,0,47,0,0,3,3,1,1,1,1
684,2,36,2,4,9857,4,2,1,0,0,3,3,31,0,1,2,2,2,1,1,1
685,0,60,1,3,6527,0,1,4,0,0,4,0,34,0,0,1,3,2,1,1,1
686,3,10,0,0,1347,0,2,4,0,0,2,3,27,0,1,2,3,1,1,1,1
687,2,36,2,3,2862,4,0,4,0,0,3,0,30,0,0,1,3,1,0,1,1
688,0,9,1,0,2753,4,0,3,0,2,4,1,35,0,1,1,3,1,1,1,1
689,1,12,1,3,3651,3,1,1,0,0,3,3,31,0,1,1,3,2,0,1,1
690,1,15,0,2,975,1,1,2,2,0,3,3,25,0,1,2,3,1,0,1,1
691,2,15,1,6,2631,4,1,3,1,0,2,2,25,0,1,1,2,1,0,1,1
692,2,24,1,0,2896,4,4,2,0,0,1,1,29,0,1,1,3,1,0,1,1
693,1,6,0,3,4716,0,4,1,0,0,3,2,44,0,1,2,2,2,0,1,1
694,0,24,1,0,2284,1,2,4,0,0,2,1,28,0,1,1,3,1,1,1,1
695,0,6,1,4,1236,2,1,2,0,0,4,3,50,0,2,1,3,1,0,1,1
696,2,12,1,0,1103,1,2,4,0,1,3,2,29,0,1,2,3,1,0,0,1
697,0,12,0,3,926,1,3,1,1,0,2,3,38,0,1,1,0,1,0,1,1
698,0,18,0,0,1800,1,1,4,0,0,2,1,24,0,1,2,3,1,0,1,1
699,3,15,1,1,1905,1,0,4,0,0,4,1,40,0,2,1,1,1,1,1,1
700,0,12,1,2,1123,2,1,4,1,0,4,1,29,0,2,1,2,1,0,1,2
701,1,48,0,4,6331,1,0,4,0,0,4,0,46,0,0,2,3,1,1,1,2
702,3,24,1,0,1377,4,0,4,1,0,2,0,47,0,0,1,3,1,1,1,1
703,2,30,2,4,2503,4,0,4,0,0,2,3,41,2,1,2,3,1,0,1,1
704,2,27,1,4,2528,1,4,4,1,0,1,3,32,0,1,1,3,2,1,1,1
705,0,15,1,3,5324,2,0,1,1,0,4,0,35,0,0,1,3,1,0,1,1
706,2,48,1,3,6560,4,2,3,0,0,2,3,24,0,1,1,3,1,0,1,2
707,2,12,3,2,2969,1,4,4,1,0,3,3,25,0,2,2,3,1,0,1,2
708,2,9,1,0,1206,1,0,4,1,0,4,2,25,0,1,1,3,1,0,1,1
709,2,9,1,0,2118,1,1,2,0,0,2,2,37,0,1,1,2,2,0,1,1
710,0,18,0,0,629,2,0,4,0,0,3,3,32,1,1,2,1,1,1,1,1
711,1,6,4,1,1198,1,0,4,1,0,4,0,35,0,0,1,3,1,0,1,2
712,0,21,1,4,2476,0,0,4,0,0,4,2,46,0,1,1,1,1,1,1,1
713,1,9,0,0,1138,1,1,4,0,0,4,2,25,0,1,2,2,1,0,1,1
714,2,60,1,3,14027,1,2,4,0,0,2,0,27,0,1,1,1,1,1,1,2
715,0,30,0,4,7596,0,0,1,0,0,4,1,63,0,1,2,3,1,0,1,1
716,0,30,0,0,3077,0,0,3,0,0,2,1,40,0,1,2,3,2,1,1,1
717,0,18,1,0,1505,1,1,4,0,0,2,0,32,0,0,1,1,1,1,1,1
718,3,24,0,0,3148,0,1,3,0,0,2,1,31,0,1,2,3,1,1,1,1
719,2,20,3,4,6148,4,0,3,3,0,4,1,31,1,1,2,3,1,1,1,1
720,3,9,3,0,1337,1,4,4,0,0,2,1,34,0,1,2,1,1,1,1,2
721,2,6,4,1,433,3,4,4,1,0,2,3,24,1,2,1,3,2,0,1,2
722,1,12,1,3,1228,1,1,4,1,0,2,2,24,0,1,1,2,1,0,1,2
723,2,9,1,0,790,2,1,4,1,0,3,2,66,0,1,1,2,1,0,1,1
724,0,27,1,3,2570,1,1,3,1,0,3,2,21,0,2,1,3,1,0,1,2
725,0,6,0,3,250,3,1,2,1,0,2,2,41,1,1,2,2,1,0,1,1
726,0,15,0,0,1316,2,1,2,3,0,2,3,47,0,1,2,2,1,0,1,1
727,1,18,1,0,1882,1,1,4,1,0,4,1,25,1,2,2,3,1,0,1,2
728,2,48,4,4,6416,1,0,4,1,0,3,0,59,0,2,1,3,1,0,1,2
729,3,24,0,4,1275,3,1,2,2,0,4,2,36,0,1,2,3,1,1,1,1
730,2,24,2,0,6403,1,4,1,0,0,2,1,33,0,1,1,3,1,0,1,1
731,1,24,1,0,1987,1,1,2,0,0,4,2,21,0,2,1,2,2,0,1,2
732,2,8,1,0,760,1,2,4,1,1,2,2,44,0,1,1,2,1,0,1,1
733,0,24,1,4,2603,3,1,2,1,0,4,1,28,0,2,1,3,1,1,1,1
734,0,4,0,3,3380,1,2,1,1,0,1,2,37,0,1,1,3,2,0,1,1
735,2,36,4,5,3990,0,4,3,1,0,2,0,29,1,1,1,0,1,0,1,1
736,2,24,1,4,11560,1,1,1,1,0,4,1,23,0,2,2,1,1,0,1,2
737,1,18,1,3,4380,4,1,3,0,0,4,1,35,0,1,1,2,2,1,1,1
738,0,6,0,3,6761,1,2,1,0,0,3,0,45,0,1,2,1,2,1,1,1
739,2,30,3,4,4280,4,1,4,1,0,4,1,26,0,2,2,2,1,0,1,2
740,1,24,4,3,2325,4,2,2,0,0,3,1,32,1,1,1,3,1,0,1,1
741,2,10,4,0,1048,1,1,4,0,0,4,2,23,2,1,1,2,1,0,1,1
742,0,21,1,0,3160,0,0,4,0,0,3,3,41,0,1,1,3,1,1,1,1
743,1,24,4,2,2483,2,1,4,0,0,4,2,22,2,1,1,3,1,1,1,1
744,1,39,0,2,14179,0,2,4,0,0,4,3,30,0,1,2,1,1,1,1,1
745,1,13,0,4,1797,1,4,3,0,0,1,3,28,1,1,2,2,1,0,1,1
746,1,15,1,3,2511,1,3,1,1,0,4,1,23,0,2,1,3,1,0,1,1
747,1,12,1,3,1274,1,4,3,1,0,1,2,37,0,1,1,2,1,0,1,2
748,0,21,1,4,5248,0,1,1,0,0,3,1,26,0,1,1,3,1,0,1,1
749,0,15,1,4,3029,1,2,2,0,0,2,1,33,0,1,1,3,1,0,1,1
750,1,6,1,2,428,1,0,2,1,0,1,3,49,1,1,1,3,1,1,1,1
751,1,18,1,3,976,1,4,1,1,0,2,1,23,0,1,1,2,1,0,1,2
752,2,12,1,4,841,4,2,2,1,0,4,2,23,0,2,1,2,1,0,1,1
753,0,30,0,0,5771,1,2,4,1,0,2,1,25,0,1,2,3,1,0,1,1
754,0,12,2,6,1555,3,0,4,0,0,4,0,55,0,0,2,3,2,0,1,2
755,1,24,1,3,1285,0,2,4,1,0,4,0,32,0,2,1,3,1,0,1,2
756,3,6,0,3,1299,1,1,1,0,0,1,2,74,0,1,3,0,2,0,0,1
757,3,15,0,0,1271,0,1,3,0,0,4,0,39,0,0,2,3,1,1,1,2
758,0,24,1,3,1393,1,1,2,0,1,2,2,31,0,1,1,3,1,1,1,1
759,1,12,0,3,691,1,0,4,0,0,3,3,35,0,1,2,3,1,0,1,2
760,0,15,0,3,5045,0,0,1,1,0,4,1,59,0,1,1,3,1,1,1,1
761,1,18,0,2,2124,1,1,4,1,0,4,2,24,0,2,2,3,1,0,1,2
762,1,12,1,0,2214,1,1,4,0,0,3,3,24,0,1,1,2,1,0,1,1
763,0,21,0,3,12680,0,0,4,0,0,4,0,30,0,0,1,1,1,1,1,2
764,0,24,0,3,2463,4,2,4,3,0,3,3,27,0,1,2,3,1,1,1,1
765,2,12,1,0,1155,1,0,3,3,1,3,2,40,1,1,2,2,1,0,1,1
766,1,30,1,2,3108,1,4,2,2,0,4,3,31,0,1,1,2,1,0,1,2
767,0,10,1,4,2901,0,4,1,1,0,4,2,31,0,2,1,3,1,0,1,1
768,2,12,0,2,3617,1,0,1,0,0,4,1,28,0,2,3,3,1,1,1,1
769,0,12,0,0,1655,1,0,2,0,0,4,2,63,0,1,2,2,1,1,1,1
770,1,24,1,4,2812,0,0,2,1,0,4,2,26,0,2,1,3,1,0,1,1
771,1,36,0,1,8065,1,1,3,1,0,2,0,25,0,1,2,1,1,1,1,2
772,0,21,0,4,3275,1,0,1,0,0,4,1,36,0,1,1,1,1,1,1,1
773,0,24,0,0,2223,4,0,4,0,0,4,3,52,1,1,2,3,1,0,1,1
774,3,12,0,3,1480,2,3,2,0,0,4,0,66,1,0,3,0,1,0,1,1
775,1,24,1,3,1371,0,1,4,1,0,4,2,25,0,2,1,3,1,0,1,2
776,0,36,0,3,3535,1,2,4,0,0,4,1,37,0,1,2,3,1,1,1,1
777,1,18,1,0,3509,1,2,4,1,1,1,2,25,0,1,1,3,1,0,1,1
778,0,36,0,4,5711,3,0,4,0,0,2,1,38,0,1,2,1,1,1,1,1
779,2,18,1,6,3872,1,3,2,1,0,4,1,67,0,1,1,3,1,1,1,1
780,2,39,0,0,4933,1,2,2,0,1,2,2,25,0,1,2,3,1,0,1,2
781,0,24,0,3,1940,3,0,4,0,0,4,2,60,0,1,1,3,1,1,1,1
782,2,12,3,7,1410,1,1,2,0,0,2,2,31,0,1,1,2,1,1,1,1
783,2,12,1,3,836,4,4,4,1,0,2,3,23,1,1,1,2,1,0,1,2
784,2,20,1,4,6468,0,3,1,2,0,4,2,60,0,1,1,1,1,1,1,1
785,2,18,1,4,1941,3,1,4,0,0,2,3,35,0,1,1,2,1,1,1,1
786,0,22,1,0,2675,2,0,3,0,0,4,1,40,0,1,1,3,1,0,1,1
787,0,48,0,4,2751,0,0,4,0,0,3,1,38,0,1,2,3,2,1,1,1
788,2,48,2,1,6224,1,0,4,0,0,4,0,50,0,0,1,3,1,0,1,2
789,1,40,0,1,5998,1,1,4,0,0,3,0,27,1,1,1,3,1,1,1,2
790,2,21,1,4,1188,1,0,2,1,0,4,3,39,0,1,1,3,2,0,1,2
791,0,24,1,4,6313,0,0,3,0,0,4,1,41,0,1,1,1,2,1,1,1
792,0,6,0,2,1221,0,1,1,3,0,2,3,27,0,1,2,3,1,0,1,1
793,3,24,1,2,2892,1,0,3,2,0,4,0,51,0,0,1,3,1,0,1,1
794,0,24,1,2,3062,2,0,4,0,0,3,0,32,0,2,1,3,1,1,1,1
795,0,9,1,2,2301,4,4,2,1,0,4,3,22,0,2,1,3,1,0,1,1
796,1,18,1,4,7511,0,0,1,0,0,4,3,51,0,0,1,3,2,1,1,2
797,0,12,0,2,1258,1,4,2,1,0,4,3,22,0,2,2,2,1,0,1,1
798,0,24,2,3,717,0,0,4,3,0,4,1,54,0,1,2,3,1,1,1,1
799,2,9,1,3,1549,0,4,4,0,0,2,2,35,0,1,1,0,1,0,1,1
800,0,24,0,1,1597,1,0,4,0,0,4,0,54,0,0,2,3,2,0,1,1
801,2,18,0,0,1795,1,0,3,1,1,4,2,48,1,2,2,2,1,1,1,1
802,1,20,0,2,4272,1,0,1,1,0,4,3,24,0,1,2,3,1,0,1,1
803,0,12,0,0,976,0,0,4,0,0,4,1,35,0,1,2,3,1,0,1,1
804,2,12,1,3,7472,0,3,1,1,0,2,2,24,0,2,1,0,1,0,1,1
805,1,36,1,3,9271,1,2,2,0,0,1,1,24,0,1,1,3,1,1,1,2
806,2,6,1,0,590,1,4,3,3,0,3,2,26,0,1,1,2,1,0,0,1
807,0,12,0,0,930,0,0,4,0,0,4,2,65,0,1,4,3,1,0,1,1
808,2,42,4,4,9283,1,3,1,0,0,2,0,55,1,0,1,1,1,1,1,1
809,2,15,3,3,1778,1,4,2,1,0,1,2,26,0,2,2,0,1,0,1,2
810,2,8,1,4,907,1,4,3,3,0,2,2,26,0,1,1,3,1,1,1,1
811,2,6,1,0,484,1,2,3,3,1,3,2,28,1,1,1,2,1,0,1,1
812,1,36,0,4,9629,1,2,4,0,0,4,1,24,0,1,2,3,1,1,1,2
813,1,48,1,5,3051,1,1,3,0,0,4,1,54,0,1,1,3,1,0,1,2
814,1,48,1,3,3931,1,2,4,0,0,4,0,46,0,0,1,3,2,0,1,2
815,2,36,2,3,7432,1,1,2,1,0,2,3,54,0,2,1,3,1,0,1,1
816,0,6,1,5,1338,2,1,1,2,0,4,2,62,0,1,1,3,1,0,1,1
817,0,6,0,0,1554,1,2,1,1,0,2,1,24,0,2,2,3,1,1,1,1
818,1,36,1,8,15857,1,3,2,2,2,3,1,43,0,1,1,1,1,0,1,1
819,1,18,1,0,1345,1,1,4,3,0,3,2,26,1,1,1,3,1,0,1,2
820,0,12,1,3,1101,1,1,3,3,0,2,2,27,0,1,2,3,1,1,1,1
821,3,12,1,0,3016,1,1,3,3,0,1,1,24,0,1,1,3,1,0,1,1
822,1,36,1,2,2712,1,0,2,0,0,2,3,41,1,1,1,3,2,0,1,2
823,1,8,0,3,731,1,0,4,0,0,4,2,47,0,1,2,2,1,0,1,1
824,0,18,0,2,3780,1,4,3,2,0,2,1,35,0,1,2,1,1,1,1,1
825,1,21,0,3,1602,1,0,4,3,0,3,1,30,0,1,2,3,1,1,1,1
826,1,18,0,3,3966,1,0,1,1,0,4,2,33,1,2,3,3,1,1,1,2
827,0,18,3,4,4165,1,1,2,0,0,2,1,36,2,1,2,3,2,0,1,2
828,1,36,1,4,8335,0,0,3,0,0,4,0,47,0,0,1,3,1,0,1,2
829,2,48,2,4,6681,0,1,4,0,0,4,0,38,0,0,1,3,2,1,1,1
830,0,24,2,4,2375,2,1,4,0,0,2,1,44,0,1,2,3,2,1,1,1
831,1,18,1,3,1216,1,4,4,1,0,3,1,23,0,2,1,3,1,1,1,2
832,1,45,3,4,11816,1,0,2,0,0,4,1,29,0,2,2,3,1,0,1,2
833,2,24,1,0,5084,0,0,2,1,0,4,1,42,0,1,1,3,1,1,1,1
834,3,15,1,0,2327,1,4,2,1,0,3,2,25,0,1,1,2,1,0,1,2
835,1,12,3,3,1082,1,1,4,0,0,4,1,48,1,1,2,3,1,0,1,2
836,0,12,1,0,886,0,1,4,1,0,2,1,21,0,1,1,3,1,0,1,1
837,0,4,1,2,601,1,4,1,1,0,3,2,23,0,2,1,2,2,0,1,1
838,1,24,0,4,2957,1,0,4,0,0,4,3,63,0,1,2,3,1,1,1,1
839,0,24,0,0,2611,1,0,4,3,2,3,2,46,0,1,2,3,1,0,1,1
840,1,36,1,2,5179,1,2,4,0,0,2,3,29,0,1,1,3,1,0,1,2
841,0,21,2,4,2993,1,1,3,0,0,2,2,28,2,1,2,2,1,0,1,1
842,0,18,1,6,1943,1,4,4,1,0,4,2,23,0,1,1,3,1,0,1,2
843,0,24,4,4,1559,1,2,4,0,0,4,1,50,1,1,1,3,1,1,1,1
844,0,18,1,2,3422,1,0,4,0,0,4,3,47,1,1,3,3,2,1,1,1
845,2,21,1,2,3976,0,2,2,0,0,3,1,35,0,1,1,3,1,1,1,1
846,0,18,1,3,6761,0,1,2,0,0,4,1,68,0,2,2,3,1,0,1,2
847,0,24,1,3,1249,1,4,4,3,0,2,2,28,0,1,1,3,1,0,1,1
848,1,9,1,0,1364,1,2,3,0,0,4,2,59,0,1,1,3,1,0,1,1
849,1,12,1,0,709,1,0,4,0,0,4,2,57,2,1,1,2,1,0,1,2
850,1,20,0,3,2235,1,1,4,3,1,2,3,33,1,2,2,3,1,0,0,2
851,0,24,0,4,4042,0,2,3,0,0,4,3,43,0,1,2,3,1,1,1,1
852,0,15,0,0,1471,1,1,4,0,0,4,0,35,0,0,2,3,1,1,1,1
853,1,18,4,3,1442,1,2,4,0,0,4,0,32,0,0,2,2,2,0,1,2
854,0,36,2,3,10875,1,0,2,0,0,2,1,45,0,1,2,3,2,1,1,1
855,0,24,1,3,1474,4,4,4,3,0,3,2,33,0,1,1,3,1,1,1,1
856,0,10,1,7,894,0,2,4,1,0,3,3,40,0,1,1,3,1,1,1,1
857,0,15,0,2,3343,1,1,4,0,0,2,0,28,0,0,1,3,1,1,1,1
858,1,15,1,3,3959,1,1,3,1,0,2,3,29,0,1,1,3,1,1,1,2
859,0,9,1,3,3577,4,1,1,0,1,2,2,26,0,2,1,3,2,0,0,1
860,0,24,0,4,5804,3,1,4,0,0,2,2,27,0,1,2,3,1,0,1,1
861,0,18,2,4,2169,1,1,4,3,0,2,1,28,0,1,1,3,1,1,1,2
862,1,24,1,0,2439,1,4,4,1,0,4,2,35,0,1,1,3,1,1,1,2
863,0,27,0,2,4526,3,4,4,0,0,2,2,32,2,1,2,2,2,1,1,1
864,0,10,1,2,2210,1,1,2,0,0,2,2,25,1,2,1,2,1,0,1,2
865,0,15,1,2,2221,2,1,2,1,0,4,1,20,0,2,1,3,1,0,1,1
866,1,18,1,0,2389,1,4,4,1,0,1,1,27,2,1,1,3,1,0,1,1
867,0,12,0,2,3331,1,0,2,0,0,4,3,42,2,1,1,3,1,0,1,1
868,0,36,1,4,7409,0,0,3,0,0,2,3,37,0,1,2,3,1,0,1,1
869,1,12,1,2,652,1,0,4,1,0,4,3,24,0,2,1,3,1,0,1,1
870,0,36,2,2,7678,2,2,2,1,0,4,1,40,0,1,2,3,1,1,1,1
871,3,6,0,3,1343,1,0,1,0,0,4,2,46,0,1,2,3,2,0,0,1
872,1,24,0,4,1382,4,2,4,0,0,1,2,26,0,1,2,3,1,1,1,1
873,0,15,1,5,874,0,4,4,1,0,1,2,24,0,1,1,3,1,0,1,1
874,1,12,1,2,3590,1,1,2,0,2,2,3,29,0,1,1,2,2,0,1,1
875,2,11,0,3,1322,3,1,4,1,0,4,1,40,0,1,2,3,1,0,1,1
876,1,18,4,0,1940,1,4,3,0,2,4,0,36,1,0,1,1,1,1,1,1
877,0,36,1,0,3595,1,0,4,0,0,2,1,28,0,1,1,3,1,0,1,1
878,1,9,1,3,1422,1,4,3,0,0,2,0,27,0,0,1,1,1,1,1,2
879,0,30,0,0,6742,0,2,2,0,0,3,3,36,0,1,2,3,1,0,1,1
880,0,24,1,4,7814,1,2,3,0,0,3,1,38,0,1,1,1,1,1,1,1
881,0,24,1,4,9277,0,1,2,2,0,4,0,48,0,0,1,3,1,1,1,1
882,2,30,0,3,2181,0,0,4,0,0,4,2,36,0,1,2,3,1,0,1,1
883,0,18,0,0,1098,1,3,4,1,0,4,1,65,0,1,2,0,1,0,1,1
884,2,24,1,2,4057,1,2,3,2,0,3,1,43,0,1,1,3,1,1,1,2
885,1,12,1,1,795,1,4,4,1,0,4,3,53,0,1,1,3,1,0,1,2
886,2,24,0,4,2825,0,2,4,0,0,3,0,34,0,1,2,3,2,1,1,1
887,2,48,1,4,15672,1,1,2,0,0,2,1,23,0,1,1,3,1,1,1,2
888,0,36,0,3,6614,1,0,4,0,0,4,1,34,0,1,2,1,1,1,1,1
889,0,28,4,4,7824,0,4,3,0,1,4,2,40,1,2,2,3,2,1,1,1
890,1,27,0,4,2442,1,0,4,0,0,4,1,43,2,1,4,1,2,1,1,1
891,0,15,0,0,1829,1,0,4,0,0,4,1,46,0,1,2,3,1,1,1,1
892,1,12,0,3,2171,1,1,4,0,0,4,3,38,1,1,2,2,1,0,0,1
893,2,36,0,4,5800,1,1,3,0,0,4,1,34,0,1,2,3,1,1,1,1
894,0,18,0,0,1169,0,1,4,0,0,3,3,29,0,1,2,3,1,1,1,1
895,0,36,2,4,8947,0,2,3,0,0,2,1,31,2,1,1,1,2,1,1,1
896,1,21,1,0,2606,1,4,4,1,0,4,3,28,0,2,1,1,1,1,1,1
897,0,12,0,2,1592,3,2,3,1,0,2,3,35,0,1,1,3,1,0,0,1
898,0,15,1,2,2186,0,2,1,1,0,4,2,33,1,2,1,2,1,0,1,1
899,1,18,1,2,4153,1,1,2,0,2,3,1,42,0,1,1,3,1,0,1,2
900,1,16,0,3,2625,1,0,2,0,1,4,3,43,1,2,1,3,1,1,1,2
901,0,20,0,3,3485,0,4,2,2,0,4,2,44,0,1,2,3,1,1,1,1
902,0,36,0,4,10477,0,0,2,0,0,4,0,42,0,0,2,3,1,0,1,1
903,0,15,1,0,1386,0,1,4,3,0,2,2,40,0,2,1,3,1,1,1,1
904,0,24,1,0,1278,1,0,4,0,0,1,2,36,0,1,1,1,1,1,1,1
905,1,12,1,0,1107,1,1,2,0,0,2,2,20,0,2,1,1,2,1,1,1
906,1,21,1,3,3763,0,2,2,0,2,2,2,24,0,1,1,2,1,0,0,1
907,2,36,1,1,3711,0,1,2,3,0,2,1,27,0,1,1,3,1,0,1,1
908,0,15,2,4,3594,1,4,1,1,0,2,3,46,0,1,2,2,1,0,1,1
909,2,9,1,3,3195,0,1,1,1,0,2,2,33,0,1,1,2,1,0,1,1
910,0,36,2,0,4454,1,1,4,1,0,4,2,34,0,1,2,3,1,0,1,1
911,2,24,0,2,4736,1,4,2,1,0,4,1,25,1,1,1,2,1,0,1,2
912,2,30,1,0,2991,0,0,2,1,0,4,1,25,0,1,1,3,1,0,1,1
913,0,11,1,4,2142,3,0,1,2,0,2,2,28,0,1,1,3,1,1,1,1
914,1,24,4,4,3161,1,1,4,0,0,2,3,31,0,2,1,3,1,1,1,2
915,2,48,3,8,18424,1,1,1,1,0,2,3,32,1,1,1,1,1,1,0,2
916,0,10,1,4,2848,4,1,1,0,2,2,2,32,0,1,1,3,2,0,1,1
917,1,6,1,3,14896,1,0,1,0,0,4,0,68,1,1,1,1,1,1,1,2
918,1,24,1,2,2359,4,3,1,2,0,1,3,33,0,1,1,3,1,0,1,2
919,1,24,1,2,3345,1,0,4,0,0,2,3,39,0,2,1,1,1,1,1,2
920,0,18,0,2,1817,1,1,4,1,0,2,0,28,0,1,2,3,1,0,1,1
921,0,48,2,0,12749,2,2,4,0,0,1,1,37,0,1,1,1,1,1,1,1
922,1,9,1,0,1366,1,4,3,1,0,4,3,22,0,2,1,3,1,0,1,2
923,2,12,1,3,2002,1,2,3,0,0,4,3,30,0,2,1,3,2,1,1,1
924,1,24,4,2,6872,1,4,2,2,0,1,3,55,1,1,1,3,1,1,1,2
925,1,12,4,3,697,1,4,4,0,0,2,1,46,1,1,2,3,1,1,1,2
926,1,18,0,2,1049,1,4,4,1,0,4,3,21,0,2,1,3,1,0,1,1
927,1,48,1,4,10297,1,2,4,0,0,4,0,39,2,0,3,3,2,1,1,2
928,0,30,1,0,1867,0,0,4,0,0,4,1,58,0,1,1,3,1,1,1,1
929,1,12,2,3,1344,1,1,4,0,0,2,2,43,0,1,2,2,2,0,1,1
930,1,24,1,2,1747,1,4,4,0,2,1,3,24,0,1,1,2,1,0,0,1
931,2,9,1,0,1670,1,4,4,1,0,2,1,22,0,1,1,3,1,1,1,2
932,0,9,0,3,1224,1,1,3,0,0,1,2,30,0,1,2,3,1,0,1,1
933,0,12,0,0,522,2,0,4,0,0,4,3,42,0,1,2,3,2,1,1,1
934,1,12,1,0,1498,1,1,4,1,0,1,1,23,1,1,1,3,1,0,1,1
935,2,30,2,0,1919,4,4,4,0,0,3,0,30,2,1,2,1,1,0,1,2
936,3,9,1,0,745,1,1,3,1,0,2,2,28,0,1,1,2,1,0,1,2
937,2,6,1,0,2063,1,4,4,3,0,3,1,30,0,2,1,1,1,1,1,1
938,2,60,1,1,6288,1,1,4,0,0,4,0,42,0,0,1,3,1,0,1,2
939,0,24,0,4,6842,0,1,2,0,0,4,3,46,0,1,2,1,2,1,1,1
940,0,12,1,3,3527,0,4,2,0,0,3,3,45,0,1,1,1,2,1,1,1
941,0,10,1,3,1546,1,1,3,0,0,2,2,31,0,1,1,2,2,0,0,1
942,0,24,1,2,929,0,2,4,0,0,2,1,31,2,1,1,3,1,1,1,1
943,0,4,0,3,1455,1,2,2,0,0,1,2,42,0,1,3,2,2,0,1,1
944,1,15,1,2,1845,1,4,4,1,1,1,3,46,0,2,1,3,1,0,1,1
945,2,48,3,3,8358,2,4,1,1,0,1,1,30,0,1,2,3,1,0,1,1
946,1,24,4,2,3349,2,4,4,0,0,4,0,30,0,0,1,3,2,1,1,2
947,0,12,1,3,2859,0,3,4,0,0,4,0,38,0,1,1,1,1,1,1,1
948,0,18,1,2,1533,1,4,4,3,2,1,3,43,0,1,1,2,2,0,1,2
949,0,24,1,0,3621,4,0,2,0,0,4,1,31,0,1,2,3,1,0,1,2
950,2,18,0,4,3590,1,3,3,3,0,3,1,40,0,1,3,0,2,1,1,1
951,1,36,2,4,2145,1,2,2,0,0,1,1,24,0,1,2,3,1,1,1,2
952,2,24,1,4,4113,2,4,3,1,0,4,1,28,0,2,1,3,1,0,1,2
953,0,36,1,2,10974,1,3,4,1,0,2,1,26,0,1,2,1,1,1,1,2
954,1,12,1,3,1893,1,1,4,1,1,4,3,29,0,1,1,3,1,1,1,1
955,1,24,0,0,1231,3,0,4,1,0,4,3,57,0,2,2,1,1,1,1,1
956,3,30,0,0,3656,0,0,4,0,0,4,3,49,2,1,2,2,1,0,1,1
957,2,9,0,0,1154,1,0,2,0,0,4,2,37,0,1,3,2,1,0,1,1
958,1,28,1,3,4006,1,1,3,0,0,2,1,45,0,1,1,2,1,0,1,2
959,2,24,1,2,3069,4,0,4,0,0,4,0,30,0,0,1,3,1,0,1,1
960,0,6,0,0,1740,1,0,2,3,0,2,2,30,0,2,2,3,1,0,1,1
961,2,21,2,3,2353,1,1,1,2,0,4,3,47,0,1,2,3,1,0,1,1
962,0,15,1,3,3556,0,1,3,0,0,2,0,29,0,1,1,3,1,0,1,1
963,0,24,1,0,2397,2,0,3,0,0,2,1,35,1,1,2,3,1,1,1,2
964,2,6,1,6,454,1,4,3,3,0,1,3,22,0,1,1,2,1,0,1,1
965,2,30,1,0,1715,0,1,4,1,0,1,1,26,0,1,1,3,1,0,1,1
966,2,27,0,0,2520,2,1,4,0,0,2,3,23,0,1,2,2,1,0,1,2
967,0,15,1,0,3568,1,0,4,1,0,2,1,54,1,2,1,1,1,1,1,1
968,0,42,1,0,7166,0,2,2,3,0,4,3,29,0,2,1,3,1,1,1,1
969,1,11,0,3,3939,1,1,1,0,0,2,2,40,0,1,2,2,2,0,1,1
970,2,15,1,6,1514,4,1,4,0,1,2,2,22,0,1,1,3,1,0,1,1
971,0,24,1,3,7393,1,1,1,0,0,4,3,43,0,1,1,2,2,0,1,1
972,1,24,4,3,1193,1,3,1,1,2,4,0,29,0,2,2,0,1,0,1,2
973,1,60,1,4,7297,1,0,4,0,2,4,0,36,0,2,1,3,1,0,1,2
974,0,30,0,0,2831,1,1,4,1,0,2,1,33,0,1,1,3,1,1,1,1
975,3,24,1,0,1258,2,1,3,1,0,3,1,57,0,1,1,2,1,0,1,1
976,2,6,1,0,753,1,1,2,1,1,3,2,64,0,1,1,3,1,0,1,1
977,2,18,2,4,2427,0,0,4,0,0,2,3,42,0,1,2,3,1,0,1,1
978,0,24,2,3,2538,1,0,4,0,0,4,1,47,0,1,2,2,2,0,1,2
979,2,15,4,3,1264,4,1,2,3,0,2,3,25,0,2,1,3,1,0,1,2
980,2,30,0,2,8386,1,2,2,0,0,2,3,49,0,1,1,3,1,0,1,2
981,0,48,1,4,4844,1,3,3,0,0,2,1,33,1,2,1,1,1,1,1,2
982,3,21,1,3,2923,4,1,1,1,0,1,1,28,1,1,1,1,1,1,1,1
983,1,36,1,4,8229,1,1,2,0,0,2,3,26,0,1,1,3,2,0,1,2
984,0,24,0,2,2028,1,2,2,0,0,2,3,30,0,1,2,2,1,0,1,1
985,1,15,0,2,1433,1,1,4,1,0,3,3,25,0,2,2,3,1,0,1,1
986,3,42,3,4,6289,1,4,2,2,0,1,3,33,0,1,2,3,1,0,1,1
987,0,13,1,0,1409,4,3,2,1,0,4,2,64,0,1,1,3,1,0,1,1
988,1,24,1,4,6579,1,3,4,0,0,2,0,29,0,0,1,1,1,1,1,1
989,2,24,0,0,1743,1,0,4,0,0,2,3,48,0,1,2,2,1,0,1,1
990,0,12,0,1,3565,0,4,2,0,0,1,3,37,0,1,2,2,2,0,1,1
991,0,15,4,0,1569,4,0,4,0,0,4,1,34,1,1,1,2,2,0,1,1
992,1,18,1,0,1936,0,2,2,3,0,4,1,23,0,2,2,2,1,0,1,1
993,1,36,1,2,3959,1,3,4,0,0,3,3,30,0,1,1,1,1,1,1,1
994,0,12,1,3,2390,0,0,4,0,0,3,1,50,0,1,1,3,1,1,1,1
995,0,12,1,2,1736,1,2,3,1,0,4,2,31,0,1,1,2,1,0,1,1
996,1,30,1,4,3857,1,1,4,2,0,4,3,40,0,1,1,1,1,1,1,1
997,0,12,1,0,804,1,0,4,0,0,4,1,38,0,1,1,3,1,0,1,1
998,1,45,1,0,1845,1,1,4,0,0,4,0,23,0,0,1,3,1,1,1,2
999,2,45,0,4,4576,4,3,3,0,0,4,1,27,0,1,1,3,1,0,1,1
